Frame #,CLAV,,,RSJC,,,LSJC,,,REJC,,,LEJC,,,RWJC,,,LWJC,,,RHJC,,,LHJC,,,RKJC,,,LKJC,,,RAJC,,,LAJC,,
,X,Y,Z,X,Y,Z,X,Y,Z,X,Y,Z,X,Y,Z,X,Y,Z,X,Y,Z,X,Y,Z,X,Y,Z,X,Y,Z,X,Y,Z,X,Y,Z,X,Y,Z
1,-0.097534,0.034876,1.182252,-0.032102,-0.124362,1.179745,-0.162965,0.194114,1.184758,0.16776,-0.154493,0.996143,-0.104044,0.418602,1.029261,0.162383,0.053979,0.785939,0.006073,0.401927,0.754905,-0.232967,-0.11091,0.653758,-0.190545,0.101661,0.642757,-0.247324,-0.173785,0.267521,-0.105786,0.143011,0.263465,-0.345785,-0.20312,0.015346,-0.061619,0.16816,-0.00405
2,-0.09292,0.036229,1.182301,-0.026846,-0.122746,1.179997,-0.158994,0.195205,1.184604,0.175922,-0.150906,0.998866,-0.100653,0.420162,1.029467,0.169925,0.057369,0.788484,0.010126,0.40444,0.755321,-0.225488,-0.110695,0.653572,-0.188527,0.102912,0.642958,-0.241083,-0.172992,0.267291,-0.10353,0.143975,0.263594,-0.341076,-0.204377,0.015967,-0.058875,0.167974,-0.003945
3,-0.088467,0.037222,1.182469,-0.021891,-0.121546,1.180289,-0.155043,0.19599,1.184648,0.178265,-0.15059,0.996903,-0.097249,0.421076,1.029493,0.172192,0.058093,0.786928,0.013863,0.405607,0.755467,-0.219418,-0.110408,0.653627,-0.185964,0.103788,0.64325,-0.235813,-0.172238,0.267304,-0.098348,0.144694,0.264428,-0.336463,-0.204773,0.016388,-0.056485,0.166775,-0.003727
4,-0.083164,0.038114,1.181841,-0.016077,-0.120439,1.179652,-0.15025,0.196666,1.184029,0.186791,-0.147156,0.9985,-0.092984,0.422641,1.029758,0.179257,0.061467,0.788513,0.018584,0.408977,0.755822,-0.214823,-0.109737,0.65319,-0.182939,0.104701,0.642884,-0.233485,-0.170789,0.266836,-0.096356,0.144782,0.263683,-0.338316,-0.200408,0.017276,-0.056166,0.165735,-0.004818
5,-0.0785,0.039995,1.181977,-0.010835,-0.118317,1.180239,-0.146165,0.198307,1.183715,0.190145,-0.145846,0.997552,-0.087715,0.42411,1.029562,0.182607,0.063057,0.787843,0.027427,0.410294,0.757116,-0.207852,-0.10923,0.653216,-0.179193,0.105662,0.642889,-0.227208,-0.170375,0.266911,-0.091406,0.144881,0.263814,-0.332622,-0.201431,0.017771,-0.052583,0.163935,-0.005029
6,-0.073458,0.041257,1.1817,-0.005339,-0.116862,1.180058,-0.141577,0.199375,1.183341,0.198324,-0.142839,0.999686,-0.083513,0.425621,1.029597,0.189994,0.065483,0.78943,0.032158,0.412713,0.757331,-0.202362,-0.108382,0.652954,-0.175442,0.106739,0.64271,-0.223671,-0.169222,0.266704,-0.087294,0.145428,0.263624,-0.330404,-0.200806,0.018193,-0.049979,0.163306,-0.005514
7,-0.068734,0.042254,1.181689,-0.000164,-0.115671,1.180191,-0.137304,0.200179,1.183187,0.201431,-0.142353,0.998022,-0.077844,0.426891,1.030426,0.193222,0.066874,0.788661,0.04147,0.415117,0.759685,-0.196995,-0.107964,0.652974,-0.171947,0.107385,0.642772,-0.219972,-0.168653,0.266796,-0.085415,0.146895,0.263394,-0.327839,-0.200925,0.018863,-0.048624,0.165174,-0.005789
8,-0.063995,0.043143,1.181485,0.005018,-0.11459,1.180141,-0.133009,0.200876,1.182829,0.206767,-0.140867,0.998104,-0.073898,0.428042,1.030494,0.198048,0.068045,0.788451,0.046005,0.417222,0.759973,-0.192527,-0.107533,0.652913,-0.167765,0.107843,0.642582,-0.216514,-0.168008,0.26676,-0.080385,0.14662,0.263308,-0.32489,-0.199663,0.01897,-0.045909,0.163791,-0.006254
9,-0.059034,0.044772,1.181536,0.010368,-0.112792,1.180491,-0.128437,0.202337,1.182582,0.212463,-0.138705,0.998809,-0.067926,0.429487,1.030654,0.203501,0.070006,0.788965,0.055375,0.418812,0.761659,-0.186853,-0.106717,0.653028,-0.163268,0.108785,0.642562,-0.212388,-0.167354,0.266999,-0.077204,0.147785,0.263006,-0.321792,-0.1996,0.019738,-0.043206,0.164967,-0.006616
10,-0.05391,0.045924,1.181394,0.015753,-0.111527,1.180457,-0.123572,0.203374,1.18233,0.22039,-0.135772,1.001017,-0.063289,0.430293,1.030053,0.211248,0.072387,0.790633,0.060233,0.419149,0.761179,-0.18231,-0.105735,0.653026,-0.158618,0.109751,0.642467,-0.207305,-0.165817,0.266872,-0.073105,0.148047,0.262698,-0.321021,-0.195936,0.021293,-0.0417,0.164063,-0.007311
11,-0.049012,0.047107,1.18127,0.020965,-0.110206,1.180579,-0.118988,0.204419,1.18196,0.223246,-0.135532,0.999126,-0.057091,0.431393,1.030271,0.214136,0.073137,0.789247,0.070012,0.420542,0.763059,-0.17668,-0.105192,0.652932,-0.154209,0.110421,0.642305,-0.203047,-0.165353,0.266881,-0.070237,0.149156,0.262235,-0.317676,-0.196056,0.0218,-0.039761,0.165307,-0.007872
12,-0.044549,0.048151,1.181679,0.025652,-0.109062,1.181223,-0.114751,0.205364,1.182136,0.228576,-0.134227,1.000398,-0.052919,0.432315,1.030386,0.220032,0.074441,0.790494,0.074654,0.42145,0.763399,-0.171874,-0.104621,0.653369,-0.149324,0.110976,0.642576,-0.199076,-0.164983,0.267407,-0.062116,0.14912,0.263179,-0.314232,-0.195767,0.022583,-0.034153,0.164021,-0.007271
13,-0.039567,0.04902,1.181796,0.030794,-0.108122,1.181396,-0.109928,0.206161,1.182195,0.23382,-0.133241,1.000646,-0.048349,0.433111,1.03034,0.22524,0.075265,0.790583,0.079198,0.422263,0.76334,-0.166986,-0.104143,0.653663,-0.145673,0.111578,0.642851,-0.192513,-0.164055,0.267512,-0.059732,0.150005,0.263184,-0.311533,-0.193347,0.024359,-0.033644,0.164539,-0.007473
14,-0.034524,0.050015,1.181892,0.035978,-0.107064,1.181711,-0.105027,0.207094,1.182072,0.239075,-0.132186,1.001064,-0.042242,0.434096,1.030653,0.230366,0.076011,0.790699,0.087646,0.423481,0.764774,-0.161782,-0.103817,0.653944,-0.141399,0.111986,0.642974,-0.188739,-0.163959,0.267927,-0.057263,0.15064,0.262926,-0.308692,-0.193817,0.025301,-0.032408,0.165192,-0.007846
15,-0.029042,0.051628,1.182001,0.041484,-0.10544,1.182097,-0.099568,0.208696,1.181904,0.244538,-0.130863,1.001488,-0.036655,0.435513,1.030261,0.235658,0.076787,0.790591,0.093519,0.424577,0.764535,-0.157142,-0.102734,0.654379,-0.136156,0.112994,0.643073,-0.18527,-0.162971,0.268457,-0.053177,0.150487,0.262639,-0.305843,-0.192077,0.026048,-0.031246,0.163646,-0.008458
16,-0.023881,0.052553,1.182058,0.046635,-0.10452,1.182297,-0.094397,0.209626,1.18182,0.250014,-0.129972,1.002058,-0.031193,0.436425,1.030271,0.24153,0.07766,0.791127,0.099461,0.425457,0.764782,-0.152013,-0.101759,0.654434,-0.13103,0.113969,0.643127,-0.178162,-0.161302,0.268265,-0.046488,0.151328,0.263025,-0.303362,-0.188728,0.028015,-0.027615,0.163753,-0.008336
17,-0.019297,0.053177,1.182459,0.051272,-0.103871,1.182891,-0.089867,0.210225,1.182026,0.258102,-0.127371,1.005807,-0.027454,0.437125,1.030319,0.249972,0.079686,0.794296,0.101676,0.426229,0.764083,-0.146457,-0.10158,0.654812,-0.127187,0.11431,0.643548,-0.170287,-0.160694,0.268426,-0.044022,0.152351,0.263204,-0.298155,-0.187493,0.029514,-0.026567,0.164739,-0.008253
18,-0.014368,0.054209,1.182936,0.056157,-0.102857,1.183702,-0.084894,0.211276,1.182171,0.26306,-0.126994,1.006768,-0.022344,0.437688,1.029852,0.25527,0.079307,0.794508,0.106861,0.425869,0.763691,-0.141865,-0.10144,0.655662,-0.122931,0.114461,0.644035,-0.166117,-0.160884,0.26935,-0.041457,0.151989,0.26327,-0.293991,-0.187496,0.030421,-0.025787,0.163752,-0.008324
19,-0.009087,0.055064,1.18358,0.061279,-0.102073,1.184573,-0.079452,0.212201,1.182587,0.268147,-0.126819,1.007692,-0.016563,0.438378,1.030059,0.260689,0.078892,0.794848,0.112823,0.426129,0.764005,-0.137139,-0.101014,0.656601,-0.118391,0.114891,0.644757,-0.15949,-0.160166,0.270127,-0.03801,0.152263,0.263747,-0.290903,-0.184882,0.03292,-0.024541,0.163679,-0.00798
20,-0.003581,0.056625,1.183949,0.066725,-0.100537,1.18522,-0.073888,0.213787,1.182678,0.273553,-0.125725,1.008394,-0.012525,0.439607,1.029167,0.266121,0.07941,0.794995,0.113655,0.426447,0.761621,-0.131859,-0.100059,0.657256,-0.113662,0.115881,0.64519,-0.154979,-0.159291,0.270838,-0.035357,0.152906,0.263703,-0.286635,-0.183822,0.033747,-0.024364,0.163611,-0.008165
21,0.001431,0.057389,1.184615,0.071427,-0.099909,1.186067,-0.068565,0.214688,1.183164,0.275124,-0.127429,1.006591,-0.006548,0.440015,1.029285,0.268952,0.078222,0.793648,0.119906,0.425863,0.76192,-0.126723,-0.099269,0.657938,-0.108788,0.116692,0.645858,-0.142503,-0.157417,0.270999,-0.031404,0.152678,0.264043,-0.279917,-0.183178,0.037331,-0.020442,0.163517,-0.007821
22,0.0062,0.057511,1.18568,0.075963,-0.09989,1.18729,-0.063562,0.214912,1.18407,0.279978,-0.12799,1.008198,-0.001012,0.44047,1.030621,0.274706,0.07741,0.794988,0.125847,0.426818,0.763422,-0.12094,-0.099588,0.659035,-0.105456,0.116567,0.647046,-0.134829,-0.157395,0.271963,-0.030238,0.153877,0.264931,-0.274623,-0.180958,0.039478,-0.02024,0.165435,-0.006939
23,0.011353,0.058554,1.18632,0.080983,-0.098901,1.188351,-0.058277,0.216009,1.18429,0.284497,-0.12712,1.008896,0.004525,0.441132,1.030307,0.279598,0.0775,0.79493,0.131481,0.426709,0.763194,-0.115718,-0.099901,0.66017,-0.101739,0.116334,0.647767,-0.128528,-0.158127,0.273118,-0.029336,0.153769,0.265128,-0.270282,-0.180076,0.041663,-0.02085,0.165439,-0.006789
24,0.016729,0.059739,1.187205,0.085914,-0.097905,1.18971,-0.052455,0.217383,1.1847,0.289782,-0.127725,1.010808,0.011162,0.441688,1.029942,0.28544,0.076034,0.796009,0.138333,0.425712,0.763019,-0.110537,-0.099599,0.661417,-0.096373,0.116596,0.648545,-0.122819,-0.158373,0.274427,-0.025783,0.153291,0.265498,-0.263972,-0.179453,0.042524,-0.018906,0.16452,-0.006483
25,0.022207,0.060356,1.187713,0.09114,-0.097395,1.190418,-0.046726,0.218106,1.185009,0.29492,-0.127984,1.011554,0.017382,0.44235,1.030313,0.290743,0.075165,0.796175,0.14479,0.426295,0.763508,-0.105509,-0.099274,0.66218,-0.091497,0.116922,0.64914,-0.111684,-0.157476,0.274965,-0.022438,0.152897,0.265727,-0.258559,-0.177827,0.046578,-0.017018,0.16424,-0.006283
26,0.027311,0.060971,1.1886,0.095956,-0.096898,1.191639,-0.041334,0.218842,1.18556,0.299868,-0.128299,1.013068,0.02246,0.442853,1.030436,0.296192,0.074293,0.797156,0.148289,0.426238,0.762918,-0.099193,-0.099468,0.663161,-0.087273,0.116846,0.650017,-0.103465,-0.157677,0.275915,-0.020604,0.153652,0.266268,-0.251871,-0.175936,0.048342,-0.016138,0.165615,-0.005732
27,0.032477,0.06191,1.189638,0.100722,-0.096125,1.193098,-0.035768,0.219945,1.186179,0.304732,-0.128506,1.014813,0.028781,0.443466,1.030662,0.301716,0.073536,0.798376,0.154903,0.42597,0.763337,-0.093418,-0.099539,0.664478,-0.082836,0.116826,0.651022,-0.095967,-0.158081,0.277261,-0.018651,0.153805,0.266875,-0.245547,-0.174493,0.050317,-0.015283,0.166134,-0.005125
28,0.037493,0.062256,1.190627,0.105177,-0.09601,1.194504,-0.030192,0.220522,1.186749,0.309346,-0.129706,1.016601,0.035318,0.443479,1.030825,0.307486,0.071598,0.799464,0.161679,0.424963,0.763682,-0.087714,-0.100123,0.665697,-0.078333,0.116277,0.651928,-0.08742,-0.158991,0.278514,-0.01617,0.153531,0.26749,-0.238107,-0.172676,0.052122,-0.013458,0.166432,-0.004491
29,0.042914,0.063044,1.191397,0.110192,-0.095382,1.195787,-0.024364,0.22147,1.187007,0.314346,-0.130356,1.018086,0.04176,0.443771,1.030406,0.312756,0.070316,0.800362,0.168145,0.424097,0.763357,-0.081979,-0.100887,0.666987,-0.074004,0.115535,0.652685,-0.079607,-0.160466,0.279915,-0.014431,0.152628,0.267832,-0.231595,-0.172265,0.054287,-0.012946,0.165691,-0.00415
30,0.04837,0.064118,1.192143,0.115211,-0.09448,1.196971,-0.018471,0.222715,1.187315,0.319252,-0.130658,1.019393,0.048394,0.444459,1.030238,0.318132,0.069121,0.800847,0.174955,0.4238,0.763347,-0.075854,-0.100987,0.668065,-0.06943,0.115463,0.653404,-0.071416,-0.160969,0.28107,-0.012008,0.152488,0.268221,-0.224333,-0.171393,0.056003,-0.012532,0.165307,-0.003776
31,0.053673,0.064268,1.192838,0.119827,-0.094607,1.197989,-0.01248,0.223144,1.187687,0.323805,-0.132136,1.020622,0.054648,0.444571,1.030281,0.323594,0.067008,0.801494,0.179662,0.423243,0.762715,-0.069985,-0.101369,0.668919,-0.06476,0.115101,0.654082,-0.063013,-0.161408,0.281964,-0.010227,0.152662,0.268548,-0.216895,-0.168949,0.057441,-0.011395,0.16646,-0.0034
32,0.058847,0.065038,1.19385,0.124496,-0.094027,1.199575,-0.006801,0.224104,1.188125,0.32855,-0.13291,1.02258,0.061252,0.444847,1.030156,0.329225,0.065275,0.802585,0.186592,0.422326,0.76284,-0.063517,-0.102083,0.670229,-0.060073,0.11439,0.654929,-0.051741,-0.162596,0.283454,-0.008019,0.151976,0.269068,-0.206071,-0.165823,0.059135,-0.00992,0.166143,-0.002857
33,0.064205,0.065751,1.194718,0.129259,-0.093539,1.200955,-0.00085,0.225042,1.188481,0.333293,-0.133728,1.02423,0.068157,0.44508,1.029943,0.334848,0.063754,0.803609,0.193644,0.42133,0.762803,-0.056991,-0.102782,0.671442,-0.055848,0.113688,0.655751,-0.04417,-0.163786,0.284776,-0.006426,0.151551,0.269585,-0.198094,-0.168255,0.060199,-0.008987,0.16622,-0.002307
34,0.069624,0.066251,1.194991,0.134013,-0.093291,1.201683,0.005234,0.225792,1.1883,0.337814,-0.13496,1.025051,0.075276,0.445403,1.029546,0.340061,0.061619,0.803631,0.200922,0.420978,0.762542,-0.051234,-0.1034,0.672127,-0.051394,0.113043,0.656027,-0.035934,-0.164841,0.285615,-0.005073,0.151045,0.26951,-0.190294,-0.166221,0.061297,-0.009023,0.166247,-0.002337
35,0.07482,0.066888,1.195514,0.13853,-0.0929,1.2028,0.011109,0.226676,1.188229,0.342445,-0.136132,1.026655,0.081336,0.4454,1.028441,0.345821,0.059572,0.804475,0.205246,0.419268,0.760787,-0.044471,-0.104199,0.672918,-0.046765,0.112199,0.656381,-0.025806,-0.166058,0.286616,-0.002664,0.150433,0.269646,-0.179763,-0.165408,0.062018,-0.007517,0.166029,-0.002163
36,0.080168,0.067543,1.196269,0.143212,-0.092486,1.204048,0.017123,0.227572,1.18849,0.347039,-0.137329,1.028188,0.088376,0.445354,1.027934,0.351382,0.05728,0.805066,0.212333,0.417553,0.76047,-0.037628,-0.104801,0.673912,-0.042296,0.111533,0.657038,-0.015618,-0.166844,0.287811,-0.000526,0.150244,0.270112,-0.168732,-0.164642,0.062647,-0.006262,0.166437,-0.001645
37,0.085414,0.067929,1.197086,0.147607,-0.09241,1.20532,0.023221,0.228268,1.188852,0.351327,-0.138842,1.029732,0.09571,0.445247,1.027763,0.356912,0.055097,0.806054,0.219659,0.416088,0.76044,-0.031049,-0.10551,0.674949,-0.03794,0.110739,0.657759,-0.005032,-0.167637,0.289106,0.001956,0.150129,0.270733,-0.156793,-0.163253,0.06306,-0.004419,0.167138,-0.000961
38,0.090922,0.06804,1.197453,0.152311,-0.092582,1.206189,0.029533,0.228662,1.188716,0.355787,-0.140724,1.030754,0.103123,0.445043,1.027244,0.362432,0.052258,0.806279,0.227005,0.414965,0.759992,-0.024626,-0.106814,0.675742,-0.033757,0.109317,0.658111,0.006606,-0.169113,0.290305,0.00362,0.149264,0.270925,-0.144064,-0.16012,0.063666,-0.004043,0.167004,-0.000689
39,0.096301,0.06903,1.197838,0.157008,-0.091816,1.20719,0.035594,0.229877,1.188486,0.360291,-0.141485,1.031981,0.110125,0.444998,1.025872,0.367741,0.050497,0.806675,0.233839,0.412719,0.758799,-0.017395,-0.107559,0.676525,-0.029857,0.108369,0.658451,0.015647,-0.170071,0.291272,0.005216,0.148642,0.271103,-0.134071,-0.16306,0.063934,-0.003716,0.1666,-0.000457
40,0.101527,0.069137,1.198416,0.161246,-0.092053,1.208208,0.041808,0.230326,1.188625,0.364535,-0.143312,1.033448,0.117844,0.444622,1.025617,0.373574,0.048183,0.807785,0.24169,0.410987,0.758773,-0.010254,-0.108231,0.677126,-0.0251,0.107529,0.658843,0.027128,-0.170416,0.292214,0.008863,0.148637,0.271512,-0.120091,-0.161452,0.063318,-0.000916,0.167383,0.000034
41,0.10711,0.069052,1.198706,0.166049,-0.092396,1.208951,0.04817,0.2305,1.18846,0.368981,-0.14521,1.03424,0.125211,0.444154,1.025025,0.378813,0.045458,0.807912,0.248873,0.409536,0.75822,-0.003448,-0.109566,0.677759,-0.020965,0.105965,0.659144,0.037502,-0.171593,0.293181,0.010964,0.147972,0.271776,-0.107827,-0.160734,0.063162,-0.000171,0.167594,0.000412
42,0.112001,0.069903,1.199204,0.170259,-0.091752,1.210059,0.053742,0.231559,1.188349,0.372911,-0.145382,1.035387,0.130577,0.444376,1.023798,0.38383,0.044384,0.808352,0.251864,0.408261,0.756103,0.005926,-0.110511,0.678296,-0.018177,0.104369,0.659521,0.05399,-0.170869,0.294274,0.013851,0.147779,0.272335,-0.087121,-0.162785,0.06153,0.001344,0.167919,0.001069
43,0.117612,0.069912,1.199686,0.174585,-0.092168,1.211028,0.060639,0.231992,1.188345,0.376976,-0.147751,1.036636,0.139079,0.443514,1.022924,0.389565,0.041658,0.80939,0.259888,0.405289,0.755306,0.012544,-0.111428,0.679108,-0.014036,0.103133,0.660031,0.06438,-0.17134,0.295504,0.016503,0.146528,0.27273,-0.073947,-0.163524,0.061086,0.002108,0.166414,0.001539
44,0.123397,0.070296,1.199731,0.179495,-0.09206,1.211469,0.067299,0.232652,1.187994,0.381321,-0.149378,1.037017,0.146766,0.442849,1.02151,0.394434,0.039018,0.808959,0.267068,0.402375,0.753994,0.017735,-0.111788,0.679587,-0.0086,0.102763,0.660064,0.06336,-0.17316,0.295448,0.02023,0.145379,0.272553,-0.068643,-0.160643,0.057612,0.003726,0.164927,0.001457
45,0.128827,0.070795,1.199681,0.183918,-0.091879,1.211797,0.073736,0.233468,1.187565,0.386061,-0.151312,1.038213,0.154599,0.442819,1.020688,0.39989,0.037042,0.810163,0.274816,0.401039,0.753335,0.02594,-0.111838,0.679447,-0.004448,0.102178,0.65994,0.0762,-0.171751,0.295653,0.023274,0.145676,0.272455,-0.052997,-0.160115,0.056237,0.005098,0.165334,0.001474
46,0.134025,0.070995,1.199836,0.188016,-0.092017,1.21234,0.080034,0.234007,1.187331,0.390358,-0.152365,1.03929,0.162231,0.442011,1.019538,0.405494,0.035179,0.810656,0.281939,0.398019,0.752311,0.033148,-0.112117,0.679603,-0.000184,0.101453,0.660011,0.087836,-0.170866,0.296232,0.026574,0.145489,0.272527,-0.038207,-0.15947,0.055129,0.006689,0.165195,0.00167
47,0.139136,0.070038,1.200251,0.191911,-0.093347,1.213069,0.08636,0.233423,1.187433,0.393824,-0.155242,1.040103,0.170204,0.440952,1.019749,0.41033,0.03217,0.811457,0.28984,0.396427,0.752578,0.040198,-0.113183,0.67989,0.004401,0.099986,0.660287,0.102704,-0.170061,0.297425,0.030149,0.145269,0.272908,-0.019815,-0.154409,0.05475,0.009427,0.16625,0.002209
48,0.144797,0.070504,1.200242,0.196513,-0.093172,1.213661,0.093081,0.234179,1.186824,0.3978,-0.15682,1.040659,0.177048,0.440184,1.017498,0.415117,0.02993,0.811532,0.293908,0.393093,0.74954,0.047225,-0.114021,0.68034,0.008177,0.098543,0.660381,0.111159,-0.170403,0.298042,0.032156,0.143679,0.272878,-0.007934,-0.159527,0.053408,0.0094,0.164141,0.002303
49,0.150197,0.07064,1.200285,0.20078,-0.093358,1.214084,0.099614,0.234638,1.186486,0.401625,-0.158559,1.041197,0.184956,0.439333,1.016356,0.420091,0.02789,0.811914,0.301335,0.390188,0.748558,0.054535,-0.114182,0.68037,0.012708,0.097848,0.660358,0.122998,-0.169047,0.298634,0.03635,0.142171,0.272698,0.007725,-0.158103,0.05218,0.011618,0.161983,0.002248
50,0.155868,0.069877,1.200195,0.205144,-0.094492,1.214312,0.106593,0.234245,1.186078,0.405554,-0.162013,1.041731,0.193489,0.437648,1.015257,0.424933,0.024267,0.812386,0.309285,0.386542,0.747573,0.062547,-0.11488,0.680141,0.017011,0.096398,0.660278,0.134791,-0.16759,0.298799,0.039435,0.142238,0.272749,0.024213,-0.158747,0.050119,0.013697,0.163099,0.002472
51,0.160987,0.070074,1.200017,0.20936,-0.094531,1.214501,0.112615,0.234678,1.185533,0.409327,-0.163254,1.041942,0.200537,0.436948,1.013965,0.429485,0.022815,0.812492,0.31584,0.384105,0.746406,0.069721,-0.115014,0.679973,0.020947,0.09554,0.660109,0.14547,-0.165934,0.299069,0.042082,0.141991,0.272588,0.040032,-0.158876,0.04811,0.014456,0.162867,0.002499
52,0.166374,0.069408,1.200404,0.213339,-0.095577,1.215191,0.119409,0.234393,1.185618,0.412632,-0.166073,1.042626,0.209057,0.43559,1.013683,0.43411,0.019761,0.813105,0.323908,0.381275,0.746224,0.076449,-0.115472,0.68028,0.025679,0.094614,0.66045,0.155955,-0.164764,0.299929,0.046192,0.141756,0.272989,0.056271,-0.158444,0.04661,0.017015,0.162965,0.003089
53,0.172061,0.068841,1.200282,0.217887,-0.096432,1.21543,0.126235,0.234113,1.185134,0.416385,-0.168584,1.042691,0.217129,0.434259,1.012627,0.43863,0.016708,0.812805,0.331354,0.378491,0.745199,0.084201,-0.116099,0.680131,0.029945,0.093122,0.6604,0.171511,-0.162138,0.30108,0.048995,0.141164,0.272984,0.075468,-0.152153,0.046476,0.018539,0.163355,0.003304
54,0.177557,0.068808,1.200049,0.222167,-0.096755,1.215644,0.132947,0.234371,1.184454,0.420456,-0.171041,1.043457,0.224217,0.432971,1.010555,0.443428,0.014229,0.813625,0.335793,0.374767,0.742528,0.091053,-0.116445,0.680026,0.03446,0.092145,0.660179,0.182109,-0.1608,0.301658,0.052466,0.139434,0.272592,0.09178,-0.153598,0.044878,0.019311,0.160459,0.003137
55,0.182874,0.068041,1.199845,0.226177,-0.097848,1.215657,0.139571,0.23393,1.184032,0.423716,-0.173699,1.043372,0.232383,0.431406,1.009717,0.447749,0.011323,0.813449,0.343422,0.371658,0.741807,0.097557,-0.116712,0.679662,0.039293,0.09143,0.659938,0.192925,-0.158995,0.302122,0.056203,0.139473,0.272405,0.108359,-0.153057,0.043354,0.021023,0.160993,0.003246
56,0.188337,0.0675,1.200272,0.230379,-0.098688,1.216343,0.146295,0.233689,1.184201,0.427166,-0.176138,1.043977,0.240501,0.429904,1.009282,0.452228,0.008523,0.813873,0.350849,0.368392,0.741486,0.104203,-0.116889,0.679987,0.044236,0.090776,0.660341,0.203923,-0.157086,0.303346,0.060219,0.139527,0.272867,0.125361,-0.15255,0.042664,0.023171,0.161486,0.003995
57,0.193766,0.066656,1.200373,0.234468,-0.099837,1.216738,0.153063,0.233148,1.184007,0.430674,-0.178864,1.044447,0.248703,0.428125,1.008518,0.457149,0.005752,0.814466,0.358274,0.364963,0.740786,0.110377,-0.11749,0.680099,0.048913,0.08974,0.660487,0.214309,-0.15576,0.304397,0.063885,0.139049,0.273054,0.141917,-0.15248,0.041917,0.024966,0.161387,0.004477
58,0.19925,0.066237,1.199799,0.238691,-0.100528,1.216485,0.15981,0.233001,1.183114,0.43428,-0.181546,1.044363,0.256626,0.426472,1.006707,0.461545,0.002699,0.814177,0.365122,0.361193,0.739046,0.116118,-0.117896,0.679673,0.053409,0.088958,0.660031,0.223324,-0.154707,0.304748,0.064469,0.137458,0.27235,0.156952,-0.153016,0.040666,0.02575,0.159916,0.003754
59,0.205365,0.065708,1.19949,0.243328,-0.101371,1.216448,0.167403,0.232788,1.182532,0.438014,-0.184932,1.044477,0.264986,0.424788,1.005113,0.465841,-0.001225,0.813928,0.370993,0.357429,0.736971,0.121966,-0.118254,0.679488,0.058764,0.088445,0.659792,0.231309,-0.154359,0.305115,0.067586,0.136704,0.272031,0.17142,-0.154525,0.039482,0.026123,0.159165,0.003845
60,0.210526,0.064615,1.199575,0.247286,-0.102727,1.216592,0.173766,0.231958,1.182558,0.441658,-0.187484,1.044886,0.272897,0.423021,1.005051,0.471015,-0.00368,0.814604,0.378663,0.354472,0.737115,0.128848,-0.11825,0.679114,0.064185,0.088022,0.659691,0.24174,-0.152079,0.305583,0.07217,0.136432,0.271909,0.188965,-0.153283,0.038449,0.028814,0.158534,0.003993
61,0.215569,0.06363,1.199529,0.251007,-0.103973,1.216788,0.180132,0.231233,1.18227,0.444763,-0.190355,1.045214,0.28079,0.421257,1.004507,0.475628,-0.00692,0.814835,0.386051,0.351498,0.736685,0.134552,-0.118811,0.678997,0.068996,0.087182,0.659605,0.250743,-0.151143,0.306348,0.076104,0.13612,0.271884,0.205091,-0.153038,0.037908,0.030943,0.158731,0.004308
62,0.221247,0.062881,1.199487,0.25525,-0.104985,1.217073,0.187244,0.230746,1.181901,0.448113,-0.193306,1.045508,0.289327,0.419281,1.003434,0.480306,-0.010534,0.814785,0.393598,0.347619,0.735726,0.139655,-0.119616,0.679193,0.073943,0.086314,0.659659,0.257729,-0.151615,0.307108,0.07907,0.135,0.271884,0.21915,-0.154708,0.037572,0.031388,0.157771,0.00476
63,0.226697,0.06177,1.199438,0.259322,-0.106352,1.217189,0.194072,0.229891,1.181687,0.451635,-0.196366,1.045886,0.29701,0.417452,1.002772,0.485537,-0.014042,0.815053,0.399304,0.344636,0.734613,0.14559,-0.120105,0.678994,0.079468,0.085698,0.659509,0.266088,-0.151077,0.3076,0.08184,0.133958,0.271642,0.235263,-0.155079,0.03708,0.03343,0.156361,0.004618
64,0.232477,0.060852,1.198622,0.263838,-0.107496,1.216508,0.201115,0.229199,1.180736,0.45527,-0.199036,1.045092,0.305367,0.415569,1.001411,0.490099,-0.017121,0.814074,0.4069,0.341289,0.733365,0.151351,-0.120504,0.678129,0.084803,0.08517,0.658727,0.273675,-0.150596,0.307261,0.085198,0.133664,0.270893,0.250289,-0.155424,0.03601,0.034264,0.156504,0.004376
65,0.238209,0.060277,1.198257,0.268082,-0.108327,1.216275,0.208335,0.228881,1.18024,0.45876,-0.201757,1.045051,0.313202,0.414444,1.000526,0.495088,-0.02045,0.813786,0.412086,0.339353,0.731717,0.157308,-0.12038,0.677623,0.090339,0.085166,0.658312,0.281102,-0.149686,0.307182,0.086787,0.132977,0.270395,0.2652,-0.155288,0.035404,0.034735,0.155246,0.004046
66,0.243367,0.058674,1.198537,0.271746,-0.110179,1.216639,0.214989,0.227527,1.180435,0.461886,-0.205235,1.045732,0.321667,0.411847,1.000583,0.500115,-0.024229,0.814539,0.420127,0.335332,0.73202,0.163257,-0.121005,0.677575,0.096248,0.084536,0.65835,0.28987,-0.149277,0.308008,0.09212,0.13302,0.270533,0.281834,-0.1551,0.035889,0.038516,0.156088,0.004559
67,0.248906,0.057521,1.19793,0.275971,-0.111525,1.216233,0.22184,0.226568,1.179626,0.465395,-0.208251,1.045468,0.329868,0.409652,0.999368,0.505063,-0.027816,0.81407,0.427557,0.331718,0.730931,0.169477,-0.121615,0.676897,0.100652,0.083343,0.657868,0.295933,-0.148503,0.307175,0.094452,0.132177,0.27013,0.295404,-0.155335,0.034961,0.038652,0.155335,0.004617
68,0.254797,0.056665,1.197407,0.280428,-0.11259,1.215848,0.229166,0.22592,1.178966,0.469117,-0.211036,1.045275,0.337769,0.407928,0.998106,0.510339,-0.031208,0.813676,0.43292,0.328794,0.729109,0.176059,-0.121727,0.676204,0.105821,0.08277,0.657372,0.302113,-0.147573,0.306271,0.093941,0.131825,0.269815,0.309145,-0.154885,0.03416,0.038889,0.155512,0.004193
69,0.260391,0.055624,1.196927,0.284676,-0.113815,1.215497,0.236106,0.225064,1.178356,0.472826,-0.213944,1.045316,0.34637,0.405853,0.997358,0.515674,-0.03483,0.813459,0.441218,0.325348,0.728661,0.182839,-0.122016,0.675448,0.111673,0.082166,0.656697,0.309604,-0.14692,0.305694,0.098501,0.131492,0.269223,0.32479,-0.154631,0.033927,0.041563,0.15538,0.004016
70,0.265653,0.053783,1.196548,0.288565,-0.115845,1.215141,0.242741,0.223411,1.177954,0.476092,-0.21764,1.045233,0.354761,0.403557,0.997335,0.520696,-0.039202,0.813187,0.44949,0.322716,0.728697,0.188769,-0.122816,0.674777,0.116709,0.081076,0.656278,0.316423,-0.146471,0.305248,0.102246,0.130334,0.268826,0.339094,-0.153852,0.033993,0.043017,0.153632,0.004069
71,0.270934,0.052464,1.196198,0.292545,-0.11732,1.214923,0.249323,0.222248,1.177473,0.479495,-0.219663,1.044893,0.361935,0.401696,0.996584,0.526139,-0.042102,0.812575,0.454543,0.32033,0.727365,0.194262,-0.123606,0.674344,0.12165,0.080096,0.655914,0.324843,-0.146085,0.305761,0.105107,0.129446,0.268566,0.351846,-0.152008,0.034868,0.043481,0.152993,0.004379
72,0.276509,0.051255,1.195841,0.296665,-0.118691,1.214719,0.256354,0.221201,1.176962,0.482893,-0.223074,1.045107,0.370818,0.399582,0.99618,0.531292,-0.046711,0.812236,0.463278,0.317266,0.7272,0.200104,-0.124325,0.673868,0.12781,0.079482,0.655342,0.330892,-0.147027,0.305375,0.106326,0.129483,0.268364,0.366483,-0.153931,0.035499,0.045585,0.153801,0.004042
73,0.281904,0.050955,1.195656,0.300846,-0.119113,1.214693,0.262962,0.221023,1.176619,0.486892,-0.225376,1.045889,0.378528,0.397716,0.995076,0.537621,-0.050097,0.812696,0.469995,0.313248,0.726423,0.205522,-0.124335,0.673636,0.133908,0.079698,0.654956,0.337831,-0.147193,0.305701,0.112833,0.127984,0.267675,0.382537,-0.155016,0.03721,0.049204,0.150225,0.00385
74,0.288348,0.048643,1.194311,0.305877,-0.121634,1.212826,0.27082,0.21892,1.175796,0.491031,-0.229461,1.043879,0.386964,0.395537,0.994554,0.542257,-0.053873,0.811026,0.476089,0.311663,0.72493,0.209213,-0.124674,0.672038,0.138794,0.07984,0.6541,0.339633,-0.147665,0.303443,0.1139,0.128844,0.267143,0.390234,-0.155467,0.036,0.046755,0.15215,0.004283
75,0.292907,0.047338,1.194178,0.309169,-0.123054,1.212793,0.276644,0.21773,1.175564,0.494231,-0.231853,1.04443,0.394681,0.393482,0.994703,0.548323,-0.057374,0.811393,0.484183,0.308918,0.72542,0.215695,-0.125191,0.671489,0.144756,0.079141,0.653513,0.3513,-0.146508,0.304664,0.119497,0.12788,0.266528,0.407461,-0.152524,0.038287,0.051519,0.150622,0.003832
76,0.29796,0.045436,1.194108,0.312775,-0.1251,1.212615,0.283145,0.215971,1.1756,0.497334,-0.235592,1.04466,0.402829,0.391121,0.995157,0.553843,-0.061714,0.811747,0.491924,0.306488,0.725761,0.218978,-0.126175,0.671356,0.150157,0.078886,0.653466,0.355379,-0.148423,0.30489,0.123036,0.127545,0.266583,0.418724,-0.155107,0.040145,0.053782,0.150569,0.004245
77,0.303812,0.044166,1.193614,0.317456,-0.126476,1.212039,0.290167,0.214808,1.17519,0.501212,-0.237677,1.043757,0.4109,0.38912,0.994657,0.559417,-0.064907,0.810438,0.49914,0.303843,0.725182,0.223587,-0.126607,0.670828,0.155209,0.078625,0.653189,0.362753,-0.148181,0.305366,0.125543,0.126914,0.266428,0.428744,-0.154902,0.041268,0.053869,0.149509,0.004704
78,0.310185,0.042885,1.192449,0.322447,-0.127879,1.21072,0.297923,0.213648,1.174178,0.505135,-0.240827,1.042413,0.42003,0.386904,0.993625,0.5645,-0.069043,0.808658,0.507474,0.300729,0.724176,0.228813,-0.126848,0.669524,0.161292,0.078687,0.65211,0.369621,-0.148496,0.304692,0.128973,0.127172,0.265593,0.438137,-0.154605,0.041223,0.054621,0.15037,0.004669
79,0.315765,0.041886,1.191434,0.326751,-0.128975,1.209603,0.304779,0.212747,1.173266,0.509168,-0.243251,1.041849,0.426988,0.385571,0.992519,0.570623,-0.071908,0.808311,0.511567,0.299345,0.722174,0.234657,-0.126895,0.668223,0.167258,0.07869,0.650945,0.376855,-0.1482,0.303914,0.132682,0.126459,0.264509,0.449794,-0.154165,0.041632,0.055866,0.148604,0.004209
80,0.320849,0.039884,1.191309,0.330367,-0.131086,1.209286,0.31133,0.210853,1.173332,0.512288,-0.247096,1.042097,0.435498,0.382892,0.993172,0.575984,-0.076691,0.808474,0.52016,0.296317,0.722964,0.239858,-0.127586,0.667682,0.173652,0.078398,0.650533,0.385436,-0.148805,0.304705,0.137917,0.126081,0.264172,0.461009,-0.154857,0.043173,0.059785,0.148061,0.00425
81,0.325937,0.037805,1.190934,0.334331,-0.133248,1.208679,0.317544,0.208857,1.173189,0.51585,-0.249463,1.041314,0.443189,0.38065,0.993734,0.581645,-0.079834,0.807708,0.527926,0.294451,0.723429,0.244636,-0.128352,0.666978,0.179038,0.077852,0.650142,0.392711,-0.149052,0.30498,0.142068,0.126355,0.264005,0.47098,-0.154286,0.044224,0.062281,0.149279,0.004668
82,0.331093,0.035987,1.190535,0.338217,-0.135132,1.208193,0.323968,0.207106,1.172877,0.521102,-0.252023,1.042462,0.451272,0.378501,0.994089,0.588532,-0.082905,0.808951,0.536098,0.292598,0.723718,0.24941,-0.12918,0.666387,0.18429,0.077192,0.649743,0.399687,-0.149485,0.305279,0.146401,0.125643,0.263671,0.480218,-0.154882,0.045216,0.064723,0.148115,0.004884
83,0.337261,0.03469,1.189589,0.343321,-0.136488,1.207069,0.331202,0.205868,1.172109,0.524302,-0.254333,1.040184,0.459526,0.376558,0.993404,0.593229,-0.087025,0.805808,0.543726,0.290238,0.72297,0.2546,-0.12948,0.665333,0.189644,0.076969,0.649015,0.405468,-0.149565,0.304456,0.149155,0.125136,0.263156,0.487045,-0.154512,0.044711,0.064663,0.147026,0.005223
84,0.34314,0.033392,1.188571,0.34806,-0.137849,1.205794,0.33822,0.204633,1.171349,0.528761,-0.257218,1.039537,0.467805,0.37439,0.992779,0.598847,-0.089659,0.805684,0.551583,0.287269,0.722471,0.260701,-0.129506,0.66395,0.195684,0.076948,0.647944,0.412411,-0.149074,0.303403,0.15303,0.125023,0.262297,0.494479,-0.154183,0.043814,0.065989,0.146558,0.005184
85,0.348289,0.031829,1.187987,0.351916,-0.139476,1.204899,0.344662,0.203133,1.171074,0.532348,-0.259994,1.039129,0.475172,0.37244,0.99284,0.604609,-0.092718,0.805736,0.557563,0.285411,0.722076,0.266539,-0.129486,0.662838,0.201769,0.077071,0.647156,0.420148,-0.148452,0.30306,0.158615,0.125198,0.261551,0.504119,-0.152863,0.044069,0.069469,0.146214,0.005116
86,0.353319,0.029368,1.187569,0.355661,-0.141991,1.204156,0.350976,0.200726,1.170981,0.535417,-0.263731,1.03851,0.483377,0.369947,0.993911,0.609374,-0.097009,0.805252,0.566276,0.283786,0.723026,0.271744,-0.130269,0.661952,0.207249,0.076405,0.646693,0.426356,-0.148537,0.302574,0.163122,0.125484,0.261322,0.510157,-0.153151,0.043531,0.072701,0.147407,0.005411
87,0.358702,0.027265,1.187123,0.360022,-0.144116,1.203584,0.357382,0.198647,1.170663,0.539283,-0.265554,1.037454,0.491232,0.367608,0.994325,0.615313,-0.099762,0.804199,0.574446,0.281852,0.723407,0.277457,-0.131425,0.661284,0.212146,0.075014,0.646316,0.431748,-0.148831,0.301724,0.165983,0.124293,0.261214,0.515347,-0.152878,0.042606,0.073664,0.146305,0.005989
88,0.364581,0.026175,1.186219,0.36493,-0.145218,1.20261,0.364231,0.197568,1.169829,0.543772,-0.267768,1.036823,0.499223,0.365656,0.993593,0.621066,-0.102601,0.80354,0.582235,0.279178,0.722843,0.284075,-0.131838,0.660178,0.217867,0.074326,0.645361,0.437453,-0.148654,0.300199,0.170648,0.123201,0.26033,0.520359,-0.152392,0.040854,0.075625,0.144238,0.006016
89,0.370634,0.025303,1.184881,0.370035,-0.14612,1.200939,0.371232,0.196727,1.168824,0.548527,-0.269452,1.035358,0.505775,0.364536,0.992239,0.626994,-0.104436,0.80236,0.585738,0.278113,0.720555,0.291382,-0.131279,0.658365,0.223791,0.074467,0.643992,0.444327,-0.146638,0.298136,0.174094,0.12355,0.259305,0.526877,-0.149485,0.038667,0.076888,0.144496,0.00581
90,0.375543,0.022805,1.184355,0.373585,-0.148643,1.200042,0.377501,0.194253,1.168669,0.552224,-0.273516,1.035566,0.514168,0.361628,0.993243,0.632246,-0.10785,0.80356,0.594867,0.275565,0.721662,0.297841,-0.131998,0.657197,0.229902,0.073659,0.643184,0.450979,-0.146409,0.297012,0.18301,0.123996,0.258327,0.533654,-0.148622,0.037576,0.081799,0.14516,0.006423
91,0.380457,0.020678,1.183851,0.377622,-0.150785,1.199242,0.383292,0.192141,1.16846,0.556056,-0.276322,1.035027,0.521428,0.35948,0.994049,0.637528,-0.110757,0.803455,0.602814,0.274098,0.722458,0.303919,-0.132764,0.656252,0.234888,0.072556,0.642636,0.455864,-0.145927,0.295516,0.18671,0.12331,0.257996,0.537017,-0.14767,0.035596,0.084241,0.144508,0.006604
92,0.385909,0.01883,1.183412,0.382219,-0.152641,1.198529,0.3896,0.1903,1.168294,0.560423,-0.278001,1.034109,0.528928,0.357246,0.994454,0.643609,-0.113435,0.802434,0.610515,0.271895,0.722914,0.310623,-0.13332,0.655389,0.240413,0.071623,0.642143,0.462237,-0.145065,0.29447,0.194729,0.123112,0.25731,0.539918,-0.147142,0.033493,0.087649,0.143761,0.007801
93,0.392255,0.017827,1.181967,0.387786,-0.153654,1.19676,0.396724,0.189307,1.167173,0.565514,-0.279579,1.032282,0.536808,0.355584,0.99342,0.64937,-0.115072,0.800807,0.617935,0.269692,0.721913,0.317586,-0.133111,0.653658,0.245878,0.071342,0.640867,0.466699,-0.143783,0.291665,0.197174,0.122689,0.256388,0.542271,-0.145423,0.030067,0.087834,0.14286,0.007822
94,0.397683,0.01627,1.180652,0.392103,-0.155212,1.195044,0.403264,0.187752,1.166261,0.550761,-0.286371,1.018477,0.543919,0.353835,0.992927,0.657093,-0.113333,0.803009,0.62351,0.268404,0.720821,0.324821,-0.133137,0.651795,0.252261,0.071034,0.639302,0.47282,-0.142993,0.289322,0.205012,0.122986,0.254737,0.547222,-0.14431,0.027388,0.091664,0.14275,0.00794
95,0.40252,0.014215,1.180282,0.396026,-0.157278,1.194149,0.409013,0.185708,1.166415,0.57471,-0.284778,1.031635,0.551204,0.35159,0.994144,0.66126,-0.120342,0.801103,0.631484,0.266553,0.722117,0.33164,-0.133258,0.650733,0.25825,0.070643,0.638694,0.479249,-0.141735,0.288068,0.211476,0.122907,0.254098,0.552762,-0.142479,0.02588,0.096532,0.141664,0.00796
96,0.407364,0.011659,1.179888,0.400137,-0.159851,1.193174,0.414591,0.183169,1.166603,0.564035,-0.289535,1.019695,0.558016,0.349284,0.9955,0.663636,-0.119857,0.798416,0.638903,0.265283,0.72333,0.337055,-0.133809,0.649775,0.263549,0.070085,0.63834,0.48502,-0.141105,0.287233,0.219128,0.12365,0.25365,0.556062,-0.142322,0.024366,0.099915,0.142649,0.009571
97,0.412614,0.010061,1.179299,0.404753,-0.161448,1.192234,0.420476,0.18157,1.166363,0.571361,-0.290147,1.020372,0.564859,0.347509,0.995897,0.673346,-0.120211,0.800381,0.646042,0.263752,0.72374,0.343246,-0.134161,0.648823,0.26895,0.069467,0.63774,0.490603,-0.140504,0.286016,0.223833,0.123092,0.253131,0.561189,-0.141167,0.023025,0.102523,0.141241,0.010023
98,0.418395,0.008557,1.178564,0.409709,-0.162941,1.191104,0.42708,0.180056,1.166023,0.568409,-0.29431,1.014812,0.572432,0.345405,0.995899,0.681459,-0.123268,0.801178,0.653458,0.261332,0.723793,0.349526,-0.13431,0.647726,0.275271,0.06935,0.636971,0.496544,-0.140255,0.284781,0.230107,0.122966,0.252352,0.564782,-0.142037,0.021176,0.106321,0.140059,0.010417
99,0.424392,0.007093,1.177267,0.41517,-0.164423,1.189171,0.433613,0.178608,1.165364,0.573618,-0.29587,1.012713,0.579701,0.34389,0.995889,0.687322,-0.124821,0.799431,0.660801,0.260099,0.723718,0.355743,-0.134024,0.646006,0.28144,0.069647,0.635808,0.501958,-0.139455,0.28273,0.237176,0.124007,0.251195,0.567998,-0.141692,0.018569,0.108147,0.140748,0.011991
100,0.429356,0.005466,1.176638,0.419432,-0.166052,1.187921,0.439279,0.176984,1.165356,0.578092,-0.297489,1.011685,0.586581,0.341959,0.996747,0.693196,-0.126165,0.799378,0.668213,0.258175,0.724733,0.362726,-0.13383,0.644744,0.287996,0.069703,0.63491,0.50938,-0.138306,0.281631,0.243381,0.124312,0.250364,0.575515,-0.139961,0.01749,0.112516,0.140285,0.012107
101,0.433908,0.003289,1.17677,0.42312,-0.168213,1.187505,0.444696,0.17479,1.166035,0.581959,-0.299863,1.011581,0.593609,0.339762,0.998777,0.698884,-0.128417,0.80037,0.676237,0.256772,0.72682,0.36874,-0.134197,0.644267,0.29451,0.069533,0.634755,0.516917,-0.138043,0.281768,0.254096,0.125566,0.249957,0.579963,-0.141158,0.016886,0.119495,0.141437,0.013783
102,0.439075,0.001327,1.176377,0.427763,-0.170166,1.186702,0.450388,0.172819,1.166051,0.605261,-0.298795,1.024083,0.60026,0.338051,0.999804,0.702165,-0.134364,0.797704,0.683509,0.256035,0.727741,0.373917,-0.13494,0.643618,0.29977,0.068838,0.634483,0.521878,-0.138412,0.281035,0.26119,0.125977,0.249678,0.563446,-0.14977,0.012166,0.122846,0.141445,0.01565
103,0.4446,0.000103,1.175821,0.432793,-0.171373,1.185858,0.456406,0.17158,1.165784,0.610051,-0.300462,1.023339,0.606184,0.336847,0.999617,0.707582,-0.136346,0.797001,0.688127,0.255243,0.727034,0.380494,-0.135256,0.642797,0.30573,0.068305,0.633855,0.52876,-0.138035,0.280323,0.266419,0.125256,0.249086,0.584931,-0.143129,0.013928,0.125719,0.139334,0.01638
104,0.450144,-0.00175,1.175327,0.437748,-0.173218,1.184785,0.46254,0.169718,1.16587,0.614767,-0.302648,1.022291,0.613469,0.335016,1.000778,0.713063,-0.138647,0.7962,0.696166,0.253996,0.728249,0.387202,-0.135458,0.641815,0.312565,0.068166,0.633244,0.535546,-0.137725,0.279372,0.276625,0.127112,0.248483,0.590287,-0.143337,0.01269,0.131395,0.141517,0.018596
105,0.455397,-0.002709,1.174893,0.442667,-0.17417,1.184017,0.468128,0.168753,1.16577,0.619891,-0.303702,1.021845,0.618996,0.334292,1.000995,0.719026,-0.139617,0.796183,0.700818,0.253862,0.728027,0.394284,-0.135558,0.64107,0.318684,0.067715,0.632613,0.542283,-0.137057,0.278482,0.284684,0.127425,0.247814,0.596789,-0.142358,0.011746,0.135966,0.140441,0.020085
106,0.460041,-0.004685,1.175057,0.446638,-0.176118,1.183729,0.473444,0.166749,1.166385,0.623588,-0.306271,1.021749,0.625701,0.332262,1.002807,0.723689,-0.142715,0.796129,0.708558,0.252456,0.729969,0.400429,-0.136182,0.640794,0.324959,0.067147,0.632537,0.549372,-0.137218,0.278589,0.294105,0.128408,0.247742,0.597851,-0.144407,0.010735,0.142277,0.141282,0.022066
107,0.465039,-0.006127,1.175265,0.451346,-0.177554,1.183599,0.478733,0.1653,1.16693,0.628222,-0.307882,1.021707,0.631754,0.330859,1.004115,0.728793,-0.144609,0.79609,0.715342,0.251395,0.731399,0.407082,-0.136697,0.64069,0.330772,0.066325,0.632587,0.555983,-0.136861,0.278466,0.302868,0.128916,0.247807,0.604457,-0.143661,0.010602,0.147508,0.140843,0.024495
108,0.469825,-0.008051,1.175443,0.455655,-0.179453,1.18349,0.483996,0.163352,1.167396,0.632438,-0.310132,1.021801,0.638277,0.329114,1.005842,0.733816,-0.1472,0.7963,0.723166,0.250535,0.733272,0.413377,-0.137739,0.640541,0.337015,0.065266,0.632501,0.564013,-0.137337,0.279033,0.313171,0.129803,0.24781,0.60514,-0.146454,0.010011,0.154663,0.141548,0.026711
109,0.475166,-0.008601,1.175383,0.46097,-0.180008,1.183281,0.489362,0.162806,1.167484,0.637702,-0.310757,1.021639,0.643884,0.328464,1.006135,0.73899,-0.148203,0.795824,0.729098,0.249666,0.73373,0.420417,-0.138009,0.640346,0.342728,0.06449,0.632274,0.569916,-0.136908,0.278369,0.321188,0.130049,0.24765,0.609797,-0.146302,0.009169,0.159439,0.140055,0.028826
110,0.480121,-0.009808,1.175845,0.465455,-0.18119,1.183427,0.494788,0.161574,1.168262,0.642163,-0.311285,1.02151,0.649558,0.327361,1.007382,0.744452,-0.149893,0.795314,0.73417,0.249149,0.73462,0.427213,-0.138382,0.640508,0.349156,0.063976,0.632451,0.576572,-0.137003,0.278466,0.330829,0.131004,0.247945,0.61043,-0.146567,0.008448,0.166153,0.140427,0.031287
111,0.484357,-0.011474,1.17694,0.469402,-0.182843,1.184257,0.499313,0.159894,1.169624,0.646162,-0.313347,1.022721,0.655221,0.325902,1.009973,0.74908,-0.152467,0.796445,0.741315,0.248396,0.737474,0.433701,-0.139316,0.641246,0.35547,0.062972,0.633119,0.583744,-0.137527,0.279486,0.341651,0.131947,0.248804,0.613469,-0.147728,0.009006,0.174479,0.141078,0.034054
112,0.488878,-0.012165,1.177769,0.473928,-0.183537,1.185008,0.503829,0.159207,1.17053,0.65073,-0.314337,1.02375,0.660167,0.32527,1.011358,0.75373,-0.15412,0.797041,0.74705,0.247832,0.73909,0.440357,-0.139831,0.641906,0.360991,0.062008,0.633623,0.589703,-0.137426,0.279858,0.350613,0.13205,0.24941,0.615611,-0.147944,0.008998,0.181048,0.139581,0.036482
113,0.494022,-0.012913,1.178391,0.478752,-0.184266,1.185413,0.509292,0.15844,1.171369,0.655178,-0.315586,1.024187,0.666257,0.324249,1.012607,0.758233,-0.156072,0.797008,0.753533,0.246658,0.740508,0.446892,-0.139993,0.642301,0.3675,0.061836,0.633994,0.595055,-0.137675,0.27977,0.360289,0.133171,0.249967,0.619551,-0.148966,0.008809,0.188188,0.140138,0.039064
114,0.499234,-0.013595,1.178938,0.48379,-0.184939,1.185792,0.514678,0.15775,1.172083,0.6599,-0.316669,1.024617,0.671273,0.323923,1.013472,0.762685,-0.157849,0.796831,0.757501,0.246988,0.740854,0.453638,-0.140464,0.642702,0.374358,0.061401,0.634213,0.599455,-0.138988,0.27921,0.369582,0.133736,0.250363,0.618256,-0.150025,0.007785,0.194916,0.140159,0.041562
115,0.502933,-0.014665,1.180456,0.487303,-0.185997,1.187202,0.518563,0.156666,1.17371,0.663857,-0.318329,1.026945,0.676349,0.322946,1.016306,0.767752,-0.160337,0.799086,0.764389,0.246406,0.744156,0.46104,-0.141184,0.643871,0.380952,0.060346,0.63501,0.606838,-0.13919,0.280379,0.381075,0.133736,0.251334,0.625092,-0.151261,0.00896,0.206042,0.138649,0.0428
116,0.507501,-0.015421,1.181585,0.492082,-0.186777,1.188181,0.522921,0.155936,1.174988,0.668783,-0.319031,1.02801,0.680757,0.322533,1.017971,0.772486,-0.161241,0.799924,0.769357,0.246303,0.745916,0.466258,-0.141764,0.644928,0.386031,0.05971,0.636066,0.609023,-0.140429,0.280225,0.386555,0.13287,0.252335,0.623094,-0.151495,0.008514,0.211307,0.136241,0.04395
117,0.51211,-0.016017,1.182824,0.49675,-0.187388,1.189196,0.52747,0.155353,1.176453,0.67348,-0.31978,1.029177,0.685738,0.322184,1.020119,0.777065,-0.162432,0.800732,0.775257,0.246272,0.748275,0.472133,-0.142033,0.646021,0.391966,0.059462,0.637091,0.61297,-0.141257,0.28057,0.395795,0.133391,0.253529,0.625313,-0.153376,0.00882,0.21822,0.135727,0.04711
118,0.517052,-0.016343,1.184034,0.50167,-0.187717,1.190255,0.532433,0.15503,1.177812,0.678151,-0.320536,1.030338,0.691102,0.32176,1.021854,0.781365,-0.164031,0.801148,0.781254,0.245631,0.75028,0.478591,-0.142269,0.647158,0.398182,0.059121,0.638039,0.613979,-0.143005,0.279649,0.403583,0.132959,0.254473,0.624557,-0.153136,0.007743,0.224979,0.133666,0.048931
119,0.521544,-0.016443,1.185532,0.506085,-0.187815,1.191618,0.537003,0.154929,1.179445,0.682584,-0.321335,1.032256,0.696207,0.32139,1.02386,0.786089,-0.165976,0.802418,0.787084,0.244786,0.752662,0.485672,-0.142224,0.648508,0.404661,0.05891,0.639077,0.619303,-0.143364,0.280362,0.412345,0.132709,0.255532,0.628051,-0.155222,0.008461,0.233248,0.131371,0.050423
120,0.525619,-0.0176,1.187319,0.510234,-0.18899,1.193049,0.541004,0.153791,1.181588,0.686767,-0.322805,1.033926,0.700924,0.320878,1.027308,0.790324,-0.168137,0.803645,0.793357,0.245315,0.756344,0.491505,-0.142511,0.649922,0.411249,0.058928,0.64053,0.623808,-0.144131,0.281303,0.422216,0.133398,0.257181,0.631074,-0.156987,0.009404,0.243065,0.131317,0.052125
121,0.53037,-0.017453,1.188911,0.51549,-0.188893,1.194501,0.54525,0.153987,1.183322,0.692143,-0.322538,1.03537,0.704789,0.321395,1.029103,0.794922,-0.168293,0.804458,0.797567,0.245778,0.758271,0.496676,-0.142431,0.651482,0.416915,0.059201,0.642034,0.621629,-0.146573,0.280321,0.4308,0.12637,0.25715,0.629382,-0.1567,0.00832,0.252039,0.125843,0.051744
122,0.534745,-0.018015,1.190848,0.519777,-0.18946,1.196042,0.549714,0.15343,1.185653,0.696635,-0.323036,1.037117,0.709963,0.321074,1.03243,0.799805,-0.168777,0.806389,0.80385,0.245945,0.761845,0.503989,-0.141806,0.653019,0.423298,0.059458,0.643616,0.626958,-0.145591,0.281199,0.439859,0.127681,0.259017,0.632299,-0.157347,0.009205,0.261451,0.125552,0.053315
123,0.539202,-0.018079,1.192293,0.52462,-0.189565,1.197231,0.553783,0.153407,1.187354,0.700819,-0.323647,1.038013,0.714164,0.321612,1.034885,0.803867,-0.169797,0.806957,0.809162,0.247029,0.764537,0.509778,-0.141454,0.654239,0.429797,0.060092,0.644812,0.62747,-0.147199,0.28074,0.447891,0.127663,0.260132,0.633596,-0.158073,0.008727,0.270379,0.122882,0.0537
124,0.543526,-0.018854,1.193737,0.52916,-0.190369,1.198282,0.557891,0.15266,1.189191,0.705373,-0.324428,1.039043,0.718747,0.321759,1.038075,0.808075,-0.170951,0.807586,0.815227,0.248573,0.76787,0.516043,-0.141038,0.655251,0.43624,0.060588,0.646015,0.63183,-0.146893,0.281166,0.456193,0.128603,0.261481,0.635547,-0.159233,0.009171,0.280399,0.123137,0.053602
125,0.548538,-0.018581,1.195432,0.534559,-0.190132,1.199787,0.562518,0.152971,1.191077,0.710684,-0.324272,1.040507,0.722484,0.322752,1.039927,0.812537,-0.171431,0.808255,0.818151,0.250223,0.769256,0.521045,-0.140589,0.656769,0.443318,0.061848,0.647583,0.631593,-0.149139,0.281157,0.463751,0.128234,0.262736,0.636003,-0.161023,0.009152,0.28957,0.120862,0.053562
126,0.553254,-0.018419,1.196857,0.53967,-0.190011,1.200844,0.566838,0.153174,1.19287,0.715947,-0.323914,1.041546,0.726914,0.323619,1.042586,0.817209,-0.171223,0.808937,0.823681,0.251826,0.772111,0.52667,-0.139733,0.65793,0.450007,0.063116,0.648891,0.631133,-0.150402,0.280669,0.470888,0.128288,0.26381,0.621646,-0.172036,0.009396,0.298615,0.118547,0.053158
127,0.557399,-0.018825,1.198296,0.543913,-0.190436,1.201809,0.570885,0.152785,1.194783,0.719643,-0.325311,1.042598,0.731581,0.323935,1.04588,0.820966,-0.171757,0.810584,0.829802,0.253323,0.775618,0.53159,-0.138852,0.658789,0.458368,0.065279,0.650077,0.632513,-0.151763,0.280618,0.480642,0.129067,0.264769,0.637832,-0.164777,0.008681,0.311329,0.118147,0.051789
128,0.562684,-0.017962,1.199315,0.549548,-0.189606,1.202516,0.575821,0.153682,1.196113,0.725299,-0.324221,1.043116,0.735227,0.32555,1.046883,0.825919,-0.170743,0.810748,0.831804,0.255645,0.775846,0.537245,-0.137262,0.65957,0.464802,0.067158,0.651113,0.633592,-0.151509,0.280292,0.485795,0.12882,0.265311,0.624532,-0.174366,0.009104,0.319334,0.114948,0.050263
129,0.566502,-0.019834,1.201086,0.553495,-0.191501,1.203487,0.57951,0.151832,1.198684,0.729575,-0.325524,1.04397,0.739947,0.325212,1.052015,0.830391,-0.171444,0.812086,0.838992,0.258051,0.781174,0.541259,-0.136708,0.660387,0.474347,0.069621,0.652797,0.644782,-0.149545,0.28293,0.498938,0.131352,0.267154,0.635897,-0.166236,0.011288,0.335896,0.118297,0.049452
130,0.571251,-0.019712,1.202399,0.559102,-0.191442,1.204791,0.583401,0.152017,1.200007,0.735506,-0.324576,1.044954,0.74323,0.326537,1.053881,0.834945,-0.170111,0.812731,0.843209,0.260567,0.78309,0.544003,-0.136723,0.661454,0.481723,0.071062,0.654143,0.638964,-0.153768,0.281942,0.505264,0.130491,0.268002,0.64299,-0.1704,0.01018,0.345931,0.116302,0.04764
131,0.576041,-0.019577,1.203737,0.564259,-0.191336,1.205849,0.587824,0.152181,1.201626,0.731401,-0.325271,1.038519,0.747479,0.327269,1.05599,0.836549,-0.167845,0.810843,0.847977,0.261932,0.785239,0.54838,-0.135781,0.662408,0.48908,0.072888,0.655499,0.640934,-0.154113,0.282369,0.51219,0.130969,0.269066,0.642223,-0.171966,0.010658,0.35696,0.115347,0.045892
132,0.580886,-0.019958,1.204721,0.569495,-0.191748,1.2064,0.592277,0.151831,1.203042,0.74195,-0.325291,1.043188,0.751887,0.327775,1.058329,0.844652,-0.16871,0.813819,0.853249,0.263606,0.78762,0.552645,-0.13487,0.662865,0.497116,0.074853,0.656577,0.640995,-0.154922,0.281933,0.520518,0.132083,0.269975,0.645255,-0.173476,0.0103,0.369142,0.115486,0.044238
133,0.586123,-0.019531,1.205045,0.575187,-0.191353,1.20634,0.597059,0.152292,1.20375,0.747419,-0.3251,1.042953,0.755691,0.329288,1.059318,0.848384,-0.167625,0.813425,0.856291,0.266464,0.78801,0.556592,-0.133374,0.662767,0.504903,0.077346,0.657094,0.642147,-0.154653,0.281271,0.527202,0.13332,0.270183,0.643592,-0.173929,0.009658,0.379316,0.115274,0.042254
134,0.590055,-0.020795,1.206538,0.579146,-0.192622,1.207301,0.600963,0.151033,1.205775,0.751765,-0.325815,1.043909,0.760435,0.329021,1.063252,0.853191,-0.167829,0.814937,0.862881,0.268142,0.792192,0.560868,-0.132797,0.663513,0.513971,0.07906,0.658585,0.644741,-0.155213,0.281727,0.539435,0.135275,0.271861,0.649267,-0.174603,0.010156,0.396486,0.117788,0.040761
135,0.595053,-0.020849,1.207413,0.585003,-0.192729,1.208068,0.605103,0.151032,1.206758,0.757871,-0.324002,1.043659,0.763728,0.330212,1.064649,0.857992,-0.165581,0.814413,0.86666,0.270663,0.793477,0.5643,-0.132384,0.664069,0.520864,0.080219,0.659626,0.646372,-0.155813,0.28196,0.545736,0.135799,0.272729,0.648654,-0.176002,0.010419,0.407275,0.117846,0.038947
136,0.599489,-0.021593,1.208448,0.589818,-0.193496,1.208871,0.60916,0.15031,1.208025,0.762996,-0.323902,1.044155,0.768662,0.330124,1.067376,0.862599,-0.164502,0.815362,0.874105,0.271648,0.796937,0.568042,-0.132135,0.664631,0.528495,0.081237,0.660759,0.64812,-0.156732,0.282189,0.556217,0.136996,0.27405,0.651952,-0.177283,0.010692,0.421977,0.119134,0.037813
137,0.605039,-0.021015,1.208587,0.596166,-0.192961,1.208934,0.613912,0.150931,1.208241,0.769577,-0.323351,1.044244,0.772315,0.33156,1.067394,0.867124,-0.16263,0.815489,0.877522,0.273721,0.796726,0.571721,-0.131228,0.664553,0.535265,0.082702,0.661109,0.649025,-0.15696,0.281623,0.560164,0.137671,0.274053,0.649846,-0.178559,0.010182,0.431161,0.119143,0.034967
138,0.609651,-0.021663,1.208806,0.601064,-0.193624,1.20868,0.618237,0.150298,1.208931,0.774078,-0.323743,1.043389,0.775922,0.33225,1.068917,0.87073,-0.161781,0.81513,0.880597,0.276562,0.797592,0.576213,-0.130195,0.664188,0.5432,0.084304,0.661531,0.65146,-0.15654,0.280904,0.570061,0.13992,0.274671,0.653254,-0.178077,0.009463,0.445621,0.122262,0.033114
139,0.614273,-0.021899,1.209274,0.606069,-0.193879,1.208986,0.622478,0.15008,1.209562,0.779387,-0.323101,1.043378,0.78002,0.332985,1.07042,0.875505,-0.160223,0.815546,0.885482,0.278789,0.799098,0.580296,-0.129685,0.66429,0.55067,0.085313,0.662102,0.655027,-0.156803,0.280968,0.579392,0.141082,0.275375,0.655313,-0.179073,0.00958,0.459815,0.124031,0.03133
140,0.619131,-0.022199,1.209749,0.611393,-0.1942,1.209298,0.626869,0.149802,1.2102,0.784824,-0.322429,1.043119,0.783951,0.333629,1.071594,0.879934,-0.158562,0.815573,0.889749,0.280756,0.800142,0.584069,-0.129253,0.664449,0.557737,0.086178,0.662766,0.657784,-0.157136,0.280993,0.587349,0.142146,0.276111,0.656265,-0.180123,0.00967,0.472706,0.125695,0.029669
141,0.62374,-0.02293,1.210084,0.616538,-0.194954,1.209488,0.630941,0.149094,1.210679,0.790245,-0.322339,1.042966,0.787697,0.334125,1.073037,0.884578,-0.157676,0.815672,0.89434,0.283106,0.80156,0.588075,-0.1293,0.664451,0.565102,0.086519,0.66325,0.661785,-0.157917,0.281057,0.597969,0.142927,0.276908,0.659185,-0.181574,0.009799,0.488067,0.127485,0.028252
142,0.62914,-0.022103,1.209732,0.622786,-0.194159,1.20911,0.635494,0.149954,1.210355,0.796906,-0.321032,1.042484,0.790945,0.335794,1.072321,0.889279,-0.155089,0.815316,0.897069,0.285372,0.800529,0.592024,-0.128314,0.663986,0.571223,0.087726,0.663096,0.663786,-0.157795,0.280296,0.60514,0.144052,0.276818,0.658869,-0.182438,0.009158,0.499039,0.128248,0.026538
143,0.633975,-0.022324,1.209812,0.627835,-0.194387,1.208853,0.640114,0.14974,1.210772,0.802114,-0.321067,1.042132,0.79529,0.336187,1.073189,0.893535,-0.153945,0.815443,0.901437,0.286741,0.801227,0.59607,-0.127281,0.66368,0.578769,0.089069,0.663455,0.667189,-0.157289,0.279919,0.614371,0.146035,0.277409,0.660898,-0.182297,0.008842,0.513476,0.131749,0.024895
144,0.63859,-0.022696,1.209631,0.633012,-0.194777,1.208533,0.644168,0.149386,1.210729,0.807661,-0.32032,1.041394,0.798881,0.337015,1.073981,0.898323,-0.152031,0.815265,0.905657,0.289365,0.801945,0.599599,-0.127082,0.663244,0.586057,0.089536,0.663484,0.670444,-0.158034,0.279516,0.624529,0.146878,0.277761,0.663009,-0.183603,0.008521,0.528673,0.134645,0.023185
145,0.643114,-0.023387,1.209848,0.638133,-0.195487,1.20869,0.648095,0.148712,1.211007,0.813569,-0.319506,1.041283,0.802277,0.337517,1.07501,0.900296,-0.153147,0.812202,0.90964,0.291635,0.802901,0.60287,-0.127466,0.663279,0.593338,0.089365,0.663896,0.674172,-0.159513,0.279731,0.63724,0.146812,0.278769,0.66617,-0.185556,0.008797,0.546332,0.137837,0.022249
146,0.648621,-0.022207,1.209385,0.644661,-0.194334,1.208366,0.652582,0.14992,1.210403,0.820116,-0.317496,1.040357,0.805159,0.33954,1.073732,0.904763,-0.15082,0.810728,0.911837,0.294099,0.80128,0.606841,-0.126829,0.662933,0.598394,0.090047,0.663548,0.675948,-0.159854,0.279073,0.643469,0.147208,0.278513,0.665603,-0.187043,0.008331,0.557456,0.138934,0.020287
147,0.653619,-0.022099,1.208968,0.650097,-0.194233,1.207721,0.657141,0.150036,1.210214,0.82572,-0.31691,1.039474,0.809056,0.34023,1.073601,0.909361,-0.14934,0.810127,0.915496,0.295429,0.80095,0.611084,-0.125995,0.662324,0.604805,0.090953,0.663375,0.679485,-0.159404,0.278376,0.653895,0.148209,0.278845,0.668043,-0.186833,0.007703,0.573385,0.141997,0.018793
148,0.658353,-0.021944,1.208645,0.655484,-0.19409,1.207228,0.661223,0.150201,1.210061,0.83139,-0.315786,1.038561,0.81217,0.341216,1.073477,0.91407,-0.147319,0.809524,0.918324,0.297329,0.800566,0.614834,-0.125366,0.661902,0.610012,0.091616,0.663299,0.682022,-0.159127,0.277777,0.662283,0.148992,0.279208,0.669166,-0.186967,0.007209,0.587995,0.145074,0.017267
149,0.662993,-0.021843,1.20832,0.66083,-0.193997,1.206769,0.665156,0.150312,1.20987,0.836831,-0.315011,1.037654,0.81505,0.342249,1.073333,0.918405,-0.146269,0.808423,0.92091,0.299444,0.800136,0.618083,-0.124941,0.661548,0.614497,0.092064,0.663229,0.681945,-0.159398,0.276916,0.66415,0.151954,0.279204,0.669311,-0.186465,0.006259,0.596469,0.148871,0.015467
150,0.667482,-0.022184,1.208372,0.666076,-0.194346,1.206743,0.668888,0.149978,1.210002,0.842327,-0.313592,1.036815,0.817865,0.34299,1.073811,0.923087,-0.144601,0.807479,0.923865,0.301568,0.800456,0.621991,-0.12514,0.661563,0.619988,0.091883,0.663475,0.685577,-0.160264,0.276951,0.673314,0.152068,0.279996,0.671787,-0.188141,0.006433,0.612409,0.152512,0.014595
151,0.673078,-0.020977,1.207751,0.672692,-0.193145,1.206175,0.673464,0.15119,1.209328,0.848371,-0.312003,1.03537,0.820584,0.344751,1.072037,0.926326,-0.143633,0.80461,0.925343,0.303225,0.798219,0.625678,-0.124326,0.66108,0.624943,0.092705,0.663029,0.686656,-0.160379,0.276139,0.680293,0.152479,0.279775,0.670265,-0.189256,0.005871,0.6245,0.154664,0.013262
152,0.677978,-0.020691,1.207104,0.678291,-0.192856,1.205305,0.677666,0.151475,1.208902,0.854572,-0.3112,1.034604,0.823811,0.34581,1.071664,0.931809,-0.141675,0.80445,0.928369,0.305063,0.797652,0.629926,-0.123497,0.660314,0.630391,0.093531,0.662616,0.689361,-0.159822,0.275162,0.688145,0.153713,0.279789,0.671331,-0.189102,0.005042,0.639514,0.159169,0.011922
153,0.682919,-0.019465,1.206138,0.684186,-0.191626,1.204316,0.681652,0.152696,1.20796,0.860321,-0.309293,1.033006,0.826222,0.34761,1.069993,0.935463,-0.139952,0.802024,0.929964,0.306921,0.795663,0.633508,-0.12245,0.659406,0.634897,0.094573,0.661795,0.689429,-0.159565,0.273801,0.691402,0.156869,0.279163,0.671563,-0.188338,0.003615,0.648327,0.162405,0.010349
154,0.687336,-0.01956,1.206088,0.688931,-0.191715,1.204009,0.685741,0.152596,1.208168,0.865397,-0.307967,1.032194,0.829766,0.347991,1.070311,0.940826,-0.138469,0.801421,0.933244,0.307908,0.795792,0.637341,-0.121799,0.659206,0.640855,0.095196,0.662,0.692352,-0.159427,0.273526,0.700919,0.157847,0.279979,0.673016,-0.188713,0.003497,0.664973,0.1671,0.010221
155,0.692424,-0.018875,1.205426,0.695056,-0.191017,1.203309,0.689793,0.153267,1.207543,0.871561,-0.30624,1.030852,0.832209,0.349555,1.069283,0.945061,-0.136428,0.799688,0.935087,0.310147,0.794441,0.640622,-0.121302,0.658646,0.64523,0.095671,0.661528,0.691316,-0.159874,0.27246,0.706057,0.158522,0.279674,0.671618,-0.188443,0.00238,0.676606,0.17131,0.009273
156,0.69695,-0.018063,1.20473,0.70047,-0.190189,1.202642,0.693429,0.154064,1.206818,0.877206,-0.304696,1.02994,0.834414,0.350717,1.06777,0.949365,-0.13489,0.79835,0.936601,0.311019,0.792712,0.645509,-0.120859,0.658009,0.649458,0.096127,0.66087,0.69481,-0.159995,0.271705,0.712225,0.15935,0.279403,0.673345,-0.189775,0.001891,0.690101,0.174836,0.008446
157,0.701924,-0.017419,1.20423,0.706153,-0.189528,1.202067,0.697695,0.154691,1.206393,0.88278,-0.303556,1.028913,0.837671,0.352134,1.067379,0.953515,-0.133948,0.796739,0.939669,0.313305,0.792127,0.649378,-0.12021,0.65754,0.654836,0.096741,0.660535,0.70378,-0.158343,0.27177,0.72045,0.163095,0.280185,0.676002,-0.185536,0.002259,0.702003,0.179196,0.008988
158,0.707185,-0.015944,1.203381,0.712474,-0.188023,1.201122,0.701896,0.156135,1.20564,0.889082,-0.300781,1.027205,0.839013,0.354568,1.065457,0.957548,-0.130591,0.794776,0.938053,0.316358,0.78904,0.653025,-0.118778,0.656718,0.660299,0.098118,0.659868,0.705213,-0.15756,0.270711,0.727176,0.164529,0.279761,0.675251,-0.185141,0.001473,0.713729,0.18356,0.00846
159,0.711448,-0.015741,1.203161,0.71723,-0.187803,1.200749,0.705667,0.15632,1.205574,0.89392,-0.300287,1.026691,0.842172,0.355268,1.065524,0.961682,-0.13038,0.79385,0.941235,0.317585,0.789043,0.65666,-0.118239,0.656407,0.665284,0.098605,0.659778,0.697909,-0.159556,0.269385,0.733712,0.165455,0.280046,0.674569,-0.189216,-0.000286,0.728366,0.188645,0.008788
160,0.716519,-0.014274,1.202523,0.723262,-0.186301,1.200187,0.709776,0.157753,1.204859,0.899776,-0.298067,1.025536,0.844667,0.357098,1.063941,0.965327,-0.12832,0.791946,0.94291,0.31917,0.787202,0.660759,-0.117358,0.655926,0.669238,0.099493,0.659184,0.699323,-0.159349,0.268705,0.738322,0.166359,0.279588,0.673552,-0.189963,-0.000639,0.738866,0.191843,0.008484
161,0.720959,-0.014344,1.20211,0.728413,-0.186339,1.199596,0.713505,0.157652,1.204625,0.905692,-0.296959,1.024958,0.847662,0.357979,1.06428,0.971028,-0.126278,0.791989,0.946293,0.321372,0.7875,0.66489,-0.117105,0.655433,0.673937,0.099719,0.658928,0.700943,-0.159444,0.267991,0.744025,0.167684,0.279741,0.675803,-0.188642,-0.001569,0.752797,0.197556,0.009227
162,0.72589,-0.012661,1.201356,0.734532,-0.184604,1.199038,0.717247,0.159281,1.203675,0.911915,-0.294344,1.023975,0.849503,0.360107,1.062354,0.975119,-0.123805,0.790315,0.947344,0.323273,0.785324,0.66944,-0.116498,0.654932,0.677114,0.100383,0.658143,0.703189,-0.159674,0.267379,0.747696,0.168643,0.279123,0.675751,-0.190274,-0.001802,0.762382,0.200706,0.009116
163,0.730769,-0.011614,1.201098,0.74011,-0.183519,1.198686,0.721428,0.16029,1.203511,0.91709,-0.29201,1.02265,0.851722,0.361699,1.061402,0.977684,-0.123231,0.787029,0.947443,0.325162,0.783593,0.673313,-0.115406,0.654678,0.68156,0.101453,0.657997,0.703424,-0.159115,0.266876,0.752459,0.170339,0.279175,0.675584,-0.188957,-0.002349,0.77314,0.205326,0.009925
164,0.734868,-0.011056,1.201153,0.745065,-0.182912,1.19872,0.724671,0.1608,1.203586,0.923598,-0.291253,1.023802,0.853886,0.362869,1.061429,0.984159,-0.120312,0.789737,0.949645,0.326834,0.783568,0.677935,-0.115093,0.654742,0.685656,0.101785,0.658093,0.707456,-0.159228,0.266946,0.768725,0.17597,0.283035,0.6786,-0.189896,-0.002078,0.786396,0.20959,0.013397
165,0.739617,-0.009958,1.200454,0.75083,-0.181751,1.198021,0.728403,0.161834,1.202887,0.929133,-0.288539,1.022102,0.856179,0.364861,1.060702,0.988172,-0.11782,0.787486,0.95172,0.329833,0.782637,0.681079,-0.114428,0.654204,0.689502,0.102424,0.657514,0.708152,-0.159132,0.266283,0.772638,0.177085,0.282597,0.6782,-0.189339,-0.002674,0.79594,0.214175,0.013843
166,0.744389,-0.008955,1.200102,0.756402,-0.180694,1.197719,0.732377,0.162784,1.202486,0.934452,-0.287634,1.021564,0.859022,0.366351,1.060062,0.993872,-0.114543,0.78879,0.95437,0.331665,0.781888,0.685259,-0.113908,0.65396,0.693922,0.102936,0.657188,0.710802,-0.159219,0.266008,0.777888,0.178045,0.282576,0.679251,-0.190133,-0.002685,0.807122,0.218119,0.014832
167,0.749401,-0.007298,1.199536,0.762501,-0.178959,1.197245,0.736301,0.164363,1.201826,0.941405,-0.285459,1.021488,0.860535,0.368685,1.058524,0.997855,-0.112543,0.787846,0.95385,0.334364,0.779616,0.689372,-0.112973,0.653538,0.698293,0.103863,0.656618,0.720777,-0.156664,0.265775,0.782227,0.179299,0.282093,0.681675,-0.185043,-0.002204,0.815744,0.221671,0.015206
168,0.753459,-0.006434,1.199562,0.767261,-0.17804,1.197274,0.739656,0.165172,1.20185,0.94633,-0.283432,1.021154,0.863094,0.370002,1.058585,1.002333,-0.11078,0.78721,0.956627,0.336064,0.779703,0.693475,-0.112348,0.653544,0.702751,0.104472,0.656633,0.715875,-0.158629,0.265497,0.788408,0.180254,0.282597,0.682549,-0.189622,-0.002973,0.828104,0.225085,0.016963
169,0.758317,-0.004821,1.199181,0.773138,-0.176343,1.196911,0.743496,0.1667,1.201451,0.952437,-0.281155,1.020593,0.865393,0.37222,1.057856,1.006045,-0.108204,0.786308,0.958512,0.338759,0.778778,0.697138,-0.111248,0.653329,0.706091,0.105587,0.656332,0.71716,-0.157942,0.265203,0.791724,0.181874,0.282423,0.681786,-0.189554,-0.002932,0.835168,0.228674,0.017716
170,0.762158,-0.004173,1.199207,0.777667,-0.175633,1.196917,0.746648,0.167287,1.201496,0.957543,-0.279205,1.020513,0.867839,0.373532,1.05825,1.010755,-0.106775,0.785755,0.961342,0.340971,0.779194,0.701011,-0.110799,0.653347,0.710498,0.106013,0.656378,0.720802,-0.157815,0.26525,0.808567,0.186359,0.286659,0.684955,-0.189707,-0.002789,0.849041,0.232033,0.021286
171,0.767236,-0.002836,1.198802,0.783772,-0.1742,1.19657,0.750699,0.168529,1.201035,0.963532,-0.276859,1.019559,0.87028,0.375417,1.057363,1.01454,-0.104415,0.784322,0.963266,0.343258,0.778088,0.704407,-0.110134,0.653171,0.713701,0.106689,0.656043,0.721624,-0.157467,0.264976,0.810565,0.187465,0.286127,0.68413,-0.188821,-0.002902,0.855085,0.235585,0.021836
172,0.771988,-0.000844,1.198557,0.789355,-0.172128,1.19645,0.75462,0.170441,1.200665,0.969306,-0.274346,1.019375,0.871763,0.377904,1.05604,1.018949,-0.102336,0.78353,0.962107,0.345954,0.775875,0.709011,-0.108839,0.653018,0.717894,0.108003,0.65572,0.724511,-0.156701,0.264818,0.815195,0.188751,0.285926,0.685432,-0.188762,-0.00275,0.863055,0.238043,0.022436
173,0.775762,-0.00033,1.198556,0.793863,-0.171538,1.196422,0.757662,0.170878,1.20069,0.97441,-0.273166,1.019547,0.874222,0.379295,1.056789,1.023688,-0.101172,0.783612,0.96532,0.348746,0.776712,0.712976,-0.108507,0.652987,0.722277,0.108317,0.655729,0.728521,-0.156578,0.264814,0.82137,0.189472,0.286529,0.689124,-0.188838,-0.002682,0.87418,0.240757,0.024368
174,0.780617,0.001454,1.198299,0.799907,-0.169625,1.196295,0.761326,0.172534,1.200303,0.98053,-0.270431,1.019017,0.876034,0.381544,1.055801,1.027757,-0.098807,0.782395,0.966567,0.351191,0.77552,0.716313,-0.107716,0.653002,0.725732,0.109106,0.655489,0.736762,-0.154335,0.264835,0.82987,0.192506,0.28834,0.690084,-0.184324,-0.001753,0.88023,0.243189,0.025581
175,0.785093,0.003083,1.198265,0.805131,-0.167911,1.196315,0.765055,0.174078,1.200215,0.9859,-0.268126,1.018877,0.878028,0.383633,1.055247,1.031893,-0.096705,0.781864,0.966972,0.35366,0.774416,0.7201,-0.106532,0.653034,0.729703,0.110283,0.655428,0.732208,-0.155284,0.26481,0.833875,0.193602,0.288284,0.689305,-0.18765,-0.002134,0.887365,0.24559,0.0264
176,0.789327,0.004568,1.197941,0.810109,-0.166338,1.196043,0.768546,0.175474,1.199839,0.99111,-0.266006,1.018541,0.88062,0.385476,1.054818,1.036057,-0.094871,0.781122,0.969718,0.355807,0.774004,0.724133,-0.105478,0.652744,0.734006,0.111326,0.655065,0.735094,-0.154598,0.264534,0.838863,0.19462,0.288126,0.691025,-0.187368,-0.002171,0.895036,0.247599,0.027003
177,0.793303,0.005588,1.198274,0.814878,-0.16522,1.19642,0.771727,0.176396,1.200129,0.996055,-0.263915,1.018639,0.882932,0.387091,1.055358,1.039625,-0.092465,0.781191,0.97238,0.358235,0.774571,0.727953,-0.104903,0.653112,0.73864,0.111863,0.655369,0.738807,-0.154395,0.264947,0.845255,0.194848,0.288882,0.694296,-0.187396,-0.001655,0.904544,0.248514,0.028589
178,0.798167,0.007671,1.198144,0.820859,-0.162993,1.196341,0.775474,0.178335,1.199947,1.002582,-0.260338,1.018363,0.884147,0.389581,1.054226,1.044851,-0.089755,0.780056,0.971404,0.360831,0.772739,0.731357,-0.103545,0.653196,0.742336,0.113207,0.655289,0.740134,-0.153488,0.265038,0.849867,0.196524,0.289188,0.693834,-0.186921,-0.001206,0.909683,0.250486,0.029078
179,0.802374,0.009184,1.197958,0.825832,-0.161376,1.196115,0.778917,0.179744,1.199802,1.007861,-0.257997,1.018056,0.886639,0.391509,1.054129,1.049113,-0.087366,0.779606,0.974022,0.363216,0.772636,0.735085,-0.102183,0.652997,0.746791,0.114532,0.655122,0.742674,-0.152271,0.264833,0.855756,0.197144,0.289281,0.69523,-0.185808,-0.001196,0.916617,0.250576,0.029303
180,0.806619,0.010368,1.198218,0.830844,-0.160085,1.19639,0.782394,0.180821,1.200045,1.013247,-0.256076,1.018342,0.889238,0.393282,1.054649,1.053706,-0.085551,0.77968,0.976897,0.365862,0.773154,0.738861,-0.101358,0.6533,0.751246,0.11532,0.655378,0.74556,-0.151747,0.26516,0.862398,0.198858,0.290476,0.697132,-0.185496,-0.000665,0.924602,0.253119,0.030988
181,0.811373,0.01266,1.198142,0.836657,-0.15764,1.19641,0.786088,0.182959,1.199875,1.019129,-0.252807,1.018032,0.89019,0.395943,1.053477,1.057666,-0.082587,0.778835,0.9752,0.36858,0.771166,0.742201,-0.099804,0.653388,0.755407,0.116827,0.655275,0.746355,-0.150612,0.265268,0.866403,0.199352,0.290088,0.695952,-0.184581,-0.000161,0.928515,0.252879,0.030427
182,0.815267,0.013201,1.198472,0.841214,-0.156999,1.196688,0.789319,0.1834,1.200257,1.024194,-0.251377,1.018428,0.893058,0.397313,1.054779,1.062199,-0.080911,0.779321,0.979071,0.371437,0.772631,0.746596,-0.099237,0.653574,0.760644,0.117339,0.655576,0.751047,-0.150064,0.265461,0.87451,0.200635,0.291505,0.700467,-0.183963,0.000056,0.938492,0.254866,0.032445
183,0.819887,0.015497,1.198285,0.847035,-0.154517,1.196733,0.792739,0.185512,1.199837,1.030371,-0.247886,1.018321,0.894599,0.399666,1.053493,1.066707,-0.077566,0.778851,0.980079,0.373377,0.771221,0.749774,-0.098223,0.653683,0.764492,0.118313,0.655294,0.752146,-0.149748,0.265644,0.87806,0.200424,0.290858,0.699904,-0.184051,0.000613,0.941842,0.253806,0.031571
184,0.823997,0.017019,1.198636,0.851857,-0.15288,1.197105,0.796138,0.186919,1.200168,1.035721,-0.245405,1.018801,0.897357,0.401847,1.054381,1.071477,-0.074778,0.779462,0.98344,0.376697,0.772189,0.753563,-0.096963,0.654015,0.769464,0.119489,0.655605,0.755215,-0.148696,0.266,0.88441,0.200718,0.2914,0.702183,-0.182985,0.001125,0.949165,0.253517,0.032235
185,0.828469,0.018691,1.198602,0.85721,-0.151061,1.197117,0.799727,0.188444,1.200087,1.041788,-0.242217,1.018843,0.898749,0.404118,1.053954,1.074862,-0.073266,0.777936,0.982793,0.379747,0.77108,0.756979,-0.095812,0.654102,0.773641,0.120584,0.655567,0.756847,-0.147851,0.266127,0.889089,0.201953,0.29159,0.702298,-0.182308,0.001581,0.95409,0.254963,0.03253
186,0.833089,0.02054,1.198622,0.862627,-0.149077,1.197232,0.803551,0.190157,1.200011,1.048091,-0.239883,1.019549,0.901634,0.406223,1.053825,1.080444,-0.069609,0.779475,0.985937,0.382113,0.771006,0.76062,-0.094445,0.654178,0.778599,0.121845,0.655511,0.758373,-0.14671,0.26624,0.893921,0.202164,0.291256,0.702218,-0.181089,0.00202,0.958824,0.254483,0.032031
187,0.837397,0.022341,1.198877,0.867804,-0.147123,1.197582,0.80699,0.191805,1.200171,1.053756,-0.237068,1.020016,0.903217,0.408583,1.053874,1.085233,-0.066853,0.779784,0.9861,0.385213,0.770573,0.764946,-0.093069,0.654378,0.784021,0.123128,0.655651,0.761712,-0.145553,0.266478,0.900204,0.202554,0.29147,0.704705,-0.179942,0.002442,0.965716,0.25428,0.03228
188,0.841721,0.024144,1.198719,0.873002,-0.145161,1.197497,0.81044,0.19345,1.199942,1.058417,-0.234307,1.019177,0.905039,0.410866,1.05355,1.08903,-0.063641,0.779154,0.986844,0.388173,0.769881,0.769258,-0.091791,0.654268,0.78791,0.124444,0.655449,0.764323,-0.144608,0.266433,0.904876,0.202767,0.291243,0.705871,-0.17953,0.002783,0.971094,0.253474,0.03203
189,0.84586,0.025223,1.199293,0.877804,-0.143959,1.198158,0.813916,0.194405,1.200429,1.063624,-0.232033,1.019816,0.908045,0.412595,1.054707,1.093406,-0.060674,0.780181,0.990654,0.391152,0.771173,0.773576,-0.091144,0.654846,0.792248,0.125089,0.655949,0.767489,-0.144286,0.267072,0.909982,0.202949,0.291885,0.708009,-0.179548,0.003698,0.976781,0.253257,0.032743
190,0.850356,0.02768,1.199325,0.883403,-0.141292,1.198488,0.817309,0.196652,1.200162,1.06973,-0.228597,1.020284,0.909932,0.415098,1.053895,1.098325,-0.057676,0.780193,0.992516,0.393479,0.770368,0.777342,-0.090026,0.655134,0.796224,0.126191,0.655821,0.76904,-0.143928,0.267507,0.913317,0.203084,0.29134,0.707973,-0.179704,0.004566,0.979682,0.252664,0.031946
191,0.854492,0.029462,1.199347,0.888204,-0.139379,1.198586,0.820781,0.198303,1.200107,1.075086,-0.225863,1.020582,0.9121,0.417247,1.053801,1.103171,-0.054628,0.780655,0.993731,0.396166,0.769957,0.781235,-0.088547,0.65513,0.801141,0.127578,0.655766,0.771689,-0.142583,0.26755,0.919317,0.202502,0.291177,0.709777,-0.17822,0.004788,0.986593,0.250563,0.031733
192,0.859265,0.031473,1.198973,0.893709,-0.13722,1.198258,0.824822,0.200167,1.199688,1.081047,-0.223319,1.020466,0.915213,0.41947,1.053343,1.107636,-0.051828,0.780551,0.996976,0.398675,0.769516,0.785254,-0.08687,0.654823,0.805234,0.129249,0.655386,0.772847,-0.141059,0.267348,0.922299,0.203884,0.290374,0.708944,-0.176873,0.005087,0.988813,0.251686,0.030685
193,0.863445,0.033157,1.199317,0.898596,-0.135391,1.19877,0.828294,0.201705,1.199863,1.086564,-0.220531,1.021251,0.917275,0.421584,1.053544,1.112594,-0.04866,0.781547,0.998057,0.401456,0.769388,0.789743,-0.085669,0.65511,0.810506,0.130376,0.655576,0.775495,-0.140247,0.267748,0.92835,0.20303,0.290364,0.712378,-0.175305,0.005195,0.995578,0.249286,0.030579
194,0.867585,0.034961,1.199439,0.903589,-0.133408,1.199074,0.831582,0.203329,1.199804,1.09221,-0.217581,1.021796,0.919716,0.423807,1.053761,1.11755,-0.045404,0.782237,1.001091,0.404473,0.76972,0.794159,-0.084678,0.655314,0.814683,0.13139,0.655582,0.778797,-0.139798,0.268072,0.93266,0.20364,0.290327,0.714629,-0.175451,0.005854,1.000012,0.249545,0.030512
195,0.872085,0.037228,1.199074,0.908893,-0.130967,1.198879,0.835278,0.205423,1.199268,1.098144,-0.214647,1.021948,0.922237,0.425994,1.052732,1.12237,-0.042217,0.782456,1.003473,0.406363,0.768672,0.797722,-0.083176,0.655124,0.818731,0.132846,0.655147,0.779974,-0.138638,0.268034,0.935878,0.202922,0.289142,0.714083,-0.174475,0.006268,1.002845,0.247099,0.028928
196,0.876126,0.038574,1.199232,0.913507,-0.129495,1.199203,0.838744,0.206642,1.199261,1.103422,-0.21241,1.022642,0.925305,0.427668,1.053082,1.127523,-0.039671,0.78336,1.007282,0.408696,0.769189,0.802321,-0.082344,0.655257,0.823516,0.13366,0.655172,0.783871,-0.138141,0.268249,0.941021,0.203329,0.2892,0.717281,-0.174248,0.006697,1.008252,0.247206,0.029004
197,0.880703,0.041011,1.198805,0.918968,-0.126858,1.19911,0.842438,0.20888,1.1985,1.109266,-0.208842,1.022586,0.927841,0.430069,1.051887,1.132214,-0.036038,0.783239,1.009927,0.410967,0.768034,0.804804,-0.081035,0.655122,0.828845,0.13467,0.654589,0.784541,-0.136966,0.268223,0.945139,0.20235,0.287861,0.717062,-0.17226,0.006788,1.011422,0.245053,0.027227
198,0.884784,0.042055,1.19928,0.923665,-0.125672,1.199793,0.845903,0.209782,1.198766,1.114962,-0.207052,1.023975,0.93106,0.43185,1.053071,1.137787,-0.033736,0.784986,1.014274,0.414369,0.769443,0.809715,-0.080752,0.655623,0.833552,0.134974,0.65491,0.789425,-0.137232,0.268805,0.950575,0.202291,0.288344,0.721529,-0.1731,0.007557,1.017393,0.244696,0.027798
199,0.889555,0.045116,1.198847,0.929735,-0.122302,1.199755,0.849375,0.212535,1.197939,1.121922,-0.201925,1.024113,0.933492,0.434383,1.051347,1.141858,-0.030223,0.783704,1.01768,0.415881,0.768071,0.812664,-0.079409,0.65565,0.837759,0.136172,0.654329,0.790239,-0.136508,0.269041,0.953059,0.201122,0.286757,0.720969,-0.17242,0.008159,1.018738,0.241833,0.025651
200,0.893834,0.047255,1.198716,0.934417,-0.120066,1.199736,0.853251,0.214576,1.197695,1.127809,-0.199472,1.025101,0.937664,0.43607,1.050797,1.148178,-0.026344,0.785754,1.023068,0.4167,0.767943,0.816277,-0.07749,0.65554,0.842857,0.137912,0.654135,0.791365,-0.134866,0.269142,0.958207,0.201362,0.286294,0.721852,-0.171818,0.00847,1.023379,0.240866,0.024876
201,0.898288,0.048772,1.198519,0.939346,-0.118433,1.19962,0.857229,0.215976,1.197418,1.132961,-0.197054,1.024933,0.943007,0.437573,1.05123,1.152717,-0.023421,0.7859,1.031636,0.418474,0.769352,0.819319,-0.07616,0.655436,0.847885,0.138987,0.653922,0.795085,-0.13275,0.26887,0.962146,0.201601,0.285604,0.723139,-0.168513,0.008693,1.027055,0.24087,0.024086
202,0.90263,0.05071,1.198096,0.944614,-0.116262,1.199554,0.860645,0.217681,1.196639,1.138638,-0.193793,1.024918,0.947403,0.439359,1.050903,1.157183,-0.019975,0.785923,1.039649,0.420298,0.770186,0.823446,-0.075573,0.655271,0.852089,0.13956,0.653327,0.798048,-0.132776,0.26887,0.965188,0.201558,0.284547,0.725321,-0.16893,0.008965,1.029195,0.24038,0.022739
203,0.906703,0.052539,1.197939,0.949476,-0.114228,1.199835,0.86393,0.219306,1.196043,1.144245,-0.190918,1.025666,0.952602,0.44108,1.051235,1.162349,-0.016836,0.78683,1.049665,0.422286,0.772128,0.82683,-0.075096,0.655378,0.85711,0.139809,0.652944,0.800976,-0.13269,0.269064,0.970048,0.200664,0.283943,0.72794,-0.168543,0.009203,1.033915,0.238875,0.022012
204,0.91126,0.055504,1.197285,0.954962,-0.111016,1.199602,0.867557,0.222025,1.194968,1.150077,-0.186811,1.025484,0.956607,0.443096,1.049366,1.166924,-0.012821,0.786488,1.055976,0.422608,0.771191,0.829808,-0.073566,0.655135,0.86156,0.141119,0.652138,0.801284,-0.131657,0.269083,0.972802,0.200054,0.282292,0.726474,-0.167458,0.00972,1.034755,0.236774,0.019689
205,0.915451,0.057146,1.196984,0.959545,-0.109268,1.199528,0.871357,0.22356,1.19444,1.155207,-0.184581,1.025829,0.962154,0.444335,1.049328,1.172077,-0.010425,0.786956,1.064911,0.423323,0.772426,0.834955,-0.072576,0.654845,0.866051,0.142203,0.651698,0.808262,-0.130588,0.268648,0.976796,0.200395,0.281553,0.730244,-0.167033,0.010322,1.039265,0.236604,0.019
206,0.919718,0.059706,1.196356,0.964461,-0.106527,1.199354,0.874975,0.225939,1.193359,1.160621,-0.181241,1.025979,0.966593,0.445952,1.047633,1.176941,-0.007058,0.787087,1.071583,0.423286,0.771701,0.839122,-0.071572,0.654555,0.870128,0.143211,0.650865,0.810988,-0.130478,0.268597,0.980184,0.200007,0.280276,0.731811,-0.16766,0.010729,1.041171,0.234887,0.017195
207,0.924061,0.061594,1.195811,0.969288,-0.104503,1.199049,0.878834,0.227692,1.192573,1.165816,-0.178593,1.025862,0.971704,0.447349,1.047014,1.181668,-0.004154,0.787126,1.079271,0.423962,0.772137,0.843242,-0.07043,0.654174,0.874331,0.144337,0.65023,0.813747,-0.129587,0.268357,0.983119,0.200136,0.279088,0.733661,-0.166911,0.01079,1.044374,0.234468,0.015998
208,0.928411,0.064065,1.195277,0.974287,-0.101846,1.19895,0.882534,0.229975,1.191604,1.171288,-0.175439,1.02611,0.976037,0.448943,1.045464,1.186648,-0.001285,0.787133,1.085303,0.424022,0.771393,0.84782,-0.069402,0.653928,0.878453,0.145421,0.649505,0.81717,-0.129298,0.268314,0.986127,0.200386,0.277901,0.736309,-0.167237,0.01108,1.045871,0.233878,0.014355
209,0.932309,0.065977,1.194864,0.978529,-0.09983,1.198859,0.886088,0.231784,1.190869,1.176317,-0.173001,1.02667,0.981111,0.450251,1.044863,1.192049,0.001728,0.788138,1.092999,0.424408,0.771938,0.852039,-0.068524,0.653698,0.882679,0.14629,0.648927,0.824154,-0.128426,0.267865,0.990222,0.200687,0.277202,0.740037,-0.166114,0.01164,1.049811,0.233772,0.01357
210,0.937029,0.068213,1.193981,0.983825,-0.097424,1.198311,0.890234,0.233851,1.18965,1.181791,-0.170017,1.026084,0.985834,0.451802,1.043204,1.196622,0.004948,0.787667,1.099144,0.42488,0.77097,0.855482,-0.067771,0.653338,0.88599,0.147048,0.647975,0.826213,-0.128358,0.267713,0.993042,0.200384,0.275952,0.741147,-0.166413,0.011856,1.052175,0.232639,0.012114
211,0.941671,0.071319,1.192835,0.988942,-0.094171,1.197589,0.894399,0.23681,1.188081,1.187107,-0.166458,1.025488,0.989157,0.453902,1.040072,1.201301,0.008275,0.786862,1.101914,0.425017,0.76781,0.85952,-0.066164,0.652639,0.889707,0.148686,0.6467,0.828344,-0.127542,0.267289,0.995169,0.200836,0.274035,0.742012,-0.166212,0.011948,1.052044,0.231928,0.009563
212,0.941671,0.071319,1.192835,0.988942,-0.094171,1.197589,0.894399,0.23681,1.188081,1.187107,-0.166458,1.025488,0.989157,0.453902,1.040072,1.201301,0.008275,0.786862,1.101914,0.425017,0.76781,0.85952,-0.066164,0.652639,0.889707,0.148686,0.6467,0.828344,-0.127542,0.267289,0.995169,0.200836,0.274035,0.742012,-0.166212,0.011948,1.052044,0.231928,0.009563
